{"run_id": "20260701_081252_3954dd29", "step_id": "081254_scripu2_common_setup_loaded", "timestamp": 1782893574.2441041, "script_name": "scripu2", "phase": "common_setup_loaded", "instruction": "grasp the cube with ShadowHand and lift it", "note": "saved initial state restored and cameras initialized", "state": {"hand_path": "/World/shadow_hand", "cube_path": "/World/Cube", "hand_translate": [-0.2822104709302832, 0.0326124528172253, 0.18027827214581288], "cube_translate": [0.0784003958106041, 0.021213501691818237, 0.04025612398982048], "cube_scale": [0.05000000074505806, 0.10000000149011612, 0.05000000074505806], "cube_usd_size": 1.0, "cube_height": 0.05000000074505806, "table_z": 0.01525612361729145, "cube_world_bottom_z": 0.01525612361729145, "cube_bottom_above_table": 0.0, "current_joint_targets": {}, "action_joints": ["FFJ3", "FFJ2", "FFJ1", "MFJ3", "MFJ2", "MFJ1", "RFJ3", "RFJ2", "RFJ1", "LFJ4", "LFJ3", "LFJ2", "LFJ1", "THJ4", "THJ3", "THJ2", "THJ1"]}, "action": {"type": "setup"}, "success": null, "images": {"/World/shadow_hand/robot0_forearm/Camera_wrist": {"name": "Camera_wrist", "path": "/World/shadow_hand/robot0_forearm/Camera_wrist", "jpg_path": "C:\\VScode\\Yoshida_script\\teacher_data\\20260701_081252_3954dd29\\images\\081254_scripu2_common_setup_loaded_World_shadow_hand_robot0_forearm_Camera_wrist.jpg", "width": 640, "height": 480, "world_matrix": [[0.012776860345676287, -0.09859294828453948, 0.010778778928960214, 0.0], [-0.003425750485918583, 0.010422662679111053, 0.09939634151466441, 0.0], [-0.09912121739857879, -0.01306898545640647, -0.002045855663483507, 0.0], [-0.18117663575118076, -0.02967759303601932, 0.09178884004631353, 1.0]]}, "/World/Camera_front": {"name": "Camera_front", "path": "/World/Camera_front", "jpg_path": "C:\\VScode\\Yoshida_script\\teacher_data\\20260701_081252_3954dd29\\images\\081254_scripu2_common_setup_loaded_World_Camera_front.jpg", "width": 640, "height": 480, "world_matrix": [[0.5531734228741061, -0.8061801172643458, -0.2099351870301667, 0.0], [0.4700696038414246, 0.09401014464592727, 0.8776084891613218, 0.0], [-0.6877744774052841, -0.5841538420923871, 0.4309646818459617, 0.0], [-0.4385506212711334, -0.4639706611633301, 0.4342247247695923, 1.0]]}, "/World/Camera_top": {"name": "Camera_top", "path": "/World/Camera_top", "jpg_path": "C:\\VScode\\Yoshida_script\\teacher_data\\20260701_081252_3954dd29\\images\\081254_scripu2_common_setup_loaded_World_Camera_top.jpg", "width": 640, "height": 480, "world_matrix": [[0.29812184758817784, -0.006294424000651742, -0.032920379245519174, 0.0], [0.019915700391513205, 0.2702691969323894, 0.1286776329437028, 0.0], [0.026958041862944558, -0.13005748178624268, 0.2689950233050686, 0.0], [0.12636259198188782, -0.12677189707756042, 0.4252224564552307, 1.0]]}, "/World/Camera_side": {"name": "Camera_side", "path": "/World/Camera_side", "jpg_path": "C:\\VScode\\Yoshida_script\\teacher_data\\20260701_081252_3954dd29\\images\\081254_scripu2_common_setup_loaded_World_Camera_side.jpg", "width": 640, "height": 480, "world_matrix": [[-0.28982646013238916, -0.043279893159753904, 0.06424547460923952, 0.0], [0.060115902391122765, 0.03125009568959167, 0.2922490666394845, 0.0], [-0.0488539500899073, 0.2952122787419743, -0.02151764841104145, 0.0], [0.011841279454529285, 0.42371687293052673, 0.03717460483312607, 1.0]]}, "/OmniverseKit_Persp": {"name": "OmniverseKit_Persp", "path": "/OmniverseKit_Persp", "jpg_path": "C:\\VScode\\Yoshida_script\\teacher_data\\20260701_081252_3954dd29\\images\\081254_scripu2_common_setup_loaded_OmniverseKit_Persp.jpg", "width": 640, "height": 480, "world_matrix": [[-0.7375939598172807, 0.6752445115964008, -4.5397828052351485e-08, 0.0], [-0.15638799738208986, -0.17082819054796938, 0.9728106308983913, 0.0], [0.6568850315815419, 0.7175392524963669, 0.2316019784265061, 0.0], [1.5347005128860474, 1.63753080368042, 0.600679874420166, 1.0]]}, "/OmniverseKit_Front": {"name": "OmniverseKit_Front", "path": "/OmniverseKit_Front", "jpg_path": "C:\\VScode\\Yoshida_script\\teacher_data\\20260701_081252_3954dd29\\images\\081254_scripu2_common_setup_loaded_OmniverseKit_Front.jpg", "width": 640, "height": 480, "world_matrix": [[-4.440892098500626e-16, 1.0000000000000002, 2.220446049250313e-16, 0.0], [2.220446049250313e-16, -4.440892098500626e-16, 1.0000000000000002, 0.0], [1.0000000000000002, 2.220446049250313e-16, -4.440892098500626e-16, 0.0], [5.0, 0.0, 0.0, 1.0]]}, "/OmniverseKit_Top": {"name": "OmniverseKit_Top", "path": "/OmniverseKit_Top", "jpg_path": "C:\\VScode\\Yoshida_script\\teacher_data\\20260701_081252_3954dd29\\images\\081254_scripu2_common_setup_loaded_OmniverseKit_Top.jpg", "width": 640, "height": 480, "world_matrix": [[-3.42285420007471e-08, -0.9999999999999993, 1.2246467620799123e-16, 0.0], [0.9999999999999993, -3.42285420007471e-08, 2.220446155002968e-16, 0.0], [-2.220446113085094e-16, 1.224646838082546e-16, 1.0, 0.0], [0.0, 0.0, 5.0, 1.0]]}, "/OmniverseKit_Right": {"name": "OmniverseKit_Right", "path": "/OmniverseKit_Right", "jpg_path": "C:\\VScode\\Yoshida_script\\teacher_data\\20260701_081252_3954dd29\\images\\081254_scripu2_common_setup_loaded_OmniverseKit_Right.jpg", "width": 640, "height": 480, "world_matrix": [[1.0, -2.2204460872516273e-16, -3.8001315921616716e-24, 0.0], [-3.8001315921616716e-24, -3.422854177870249e-08, 0.9999999999999993, 0.0], [-2.2204460872516273e-16, -0.9999999999999993, -3.422854177870249e-08, 0.0], [0.0, -5.0, 0.0, 1.0]]}}}
{"run_id": "20260701_081252_3954dd29", "step_id": "081310_scripu4h_before_approach", "timestamp": 1782893590.9702172, "script_name": "scripu4h", "phase": "before_approach", "instruction": "grasp the cube with ShadowHand and lift it", "note": "baked good approach start", "state": {"hand_path": "/World/shadow_hand", "cube_path": "/World/Cube", "hand_translate": [-0.2822104709302832, 0.0326124528172253, 0.18027827214581288], "cube_translate": [0.07455328851938248, 0.02136417292058468, 0.04025612398982048], "cube_scale": [0.05000000074505806, 0.10000000149011612, 0.05000000074505806], "cube_usd_size": 1.0, "cube_height": 0.05000000074505806, "table_z": 0.01525612361729145, "cube_world_bottom_z": 0.01525612361729145, "cube_bottom_above_table": 0.0, "current_joint_targets": {}, "action_joints": ["FFJ3", "FFJ2", "FFJ1", "MFJ3", "MFJ2", "MFJ1", "RFJ3", "RFJ2", "RFJ1", "LFJ4", "LFJ3", "LFJ2", "LFJ1", "THJ4", "THJ3", "THJ2", "THJ1"]}, "action": {"type": "start_approach", "target_pos": [-0.3572104709302832, 0.0326124528172253, 0.13027827214581286]}, "success": null, "images": {"/World/shadow_hand/robot0_forearm/Camera_wrist": {"name": "Camera_wrist", "path": "/World/shadow_hand/robot0_forearm/Camera_wrist", "jpg_path": "C:\\VScode\\Yoshida_script\\teacher_data\\20260701_081252_3954dd29\\images\\081310_scripu4h_before_approach_World_shadow_hand_robot0_forearm_Camera_wrist.jpg", "width": 640, "height": 480, "world_matrix": [[0.012776860345676287, -0.09859294828453948, 0.010778778928960214, 0.0], [-0.003425750485918583, 0.010422662679111053, 0.09939634151466441, 0.0], [-0.09912121739857879, -0.01306898545640647, -0.002045855663483507, 0.0], [-0.18117662710819765, -0.02967759414222517, 0.09178883896282151, 1.0]]}, "/World/Camera_front": {"name": "Camera_front", "path": "/World/Camera_front", "jpg_path": "C:\\VScode\\Yoshida_script\\teacher_data\\20260701_081252_3954dd29\\images\\081310_scripu4h_before_approach_World_Camera_front.jpg", "width": 640, "height": 480, "world_matrix": [[0.5531734228741061, -0.8061801172643458, -0.2099351870301667, 0.0], [0.4700696038414246, 0.09401014464592727, 0.8776084891613218, 0.0], [-0.6877744774052841, -0.5841538420923871, 0.4309646818459617, 0.0], [-0.4385506212711334, -0.4639706611633301, 0.4342247247695923, 1.0]]}, "/World/Camera_top": {"name": "Camera_top", "path": "/World/Camera_top", "jpg_path": "C:\\VScode\\Yoshida_script\\teacher_data\\20260701_081252_3954dd29\\images\\081310_scripu4h_before_approach_World_Camera_top.jpg", "width": 640, "height": 480, "world_matrix": [[0.29812184758817784, -0.006294424000651742, -0.032920379245519174, 0.0], [0.019915700391513205, 0.2702691969323894, 0.1286776329437028, 0.0], [0.026958041862944558, -0.13005748178624268, 0.2689950233050686, 0.0], [0.12636259198188782, -0.12677189707756042, 0.4252224564552307, 1.0]]}, "/World/Camera_side": {"name": "Camera_side", "path": "/World/Camera_side", "jpg_path": "C:\\VScode\\Yoshida_script\\teacher_data\\20260701_081252_3954dd29\\images\\081310_scripu4h_before_approach_World_Camera_side.jpg", "width": 640, "height": 480, "world_matrix": [[-0.28982646013238916, -0.043279893159753904, 0.06424547460923952, 0.0], [0.060115902391122765, 0.03125009568959167, 0.2922490666394845, 0.0], [-0.0488539500899073, 0.2952122787419743, -0.02151764841104145, 0.0], [0.011841279454529285, 0.42371687293052673, 0.03717460483312607, 1.0]]}, "/OmniverseKit_Persp": {"name": "OmniverseKit_Persp", "path": "/OmniverseKit_Persp", "jpg_path": "C:\\VScode\\Yoshida_script\\teacher_data\\20260701_081252_3954dd29\\images\\081310_scripu4h_before_approach_OmniverseKit_Persp.jpg", "width": 640, "height": 480, "world_matrix": [[-0.7375939598172807, 0.6752445115964008, -4.5397828052351485e-08, 0.0], [-0.15638799738208986, -0.17082819054796938, 0.9728106308983913, 0.0], [0.6568850315815419, 0.7175392524963669, 0.2316019784265061, 0.0], [1.5347005128860474, 1.63753080368042, 0.600679874420166, 1.0]]}, "/OmniverseKit_Front": {"name": "OmniverseKit_Front", "path": "/OmniverseKit_Front", "jpg_path": "C:\\VScode\\Yoshida_script\\teacher_data\\20260701_081252_3954dd29\\images\\081310_scripu4h_before_approach_OmniverseKit_Front.jpg", "width": 640, "height": 480, "world_matrix": [[-4.440892098500626e-16, 1.0000000000000002, 2.220446049250313e-16, 0.0], [2.220446049250313e-16, -4.440892098500626e-16, 1.0000000000000002, 0.0], [1.0000000000000002, 2.220446049250313e-16, -4.440892098500626e-16, 0.0], [5.0, 0.0, 0.0, 1.0]]}, "/OmniverseKit_Top": {"name": "OmniverseKit_Top", "path": "/OmniverseKit_Top", "jpg_path": "C:\\VScode\\Yoshida_script\\teacher_data\\20260701_081252_3954dd29\\images\\081310_scripu4h_before_approach_OmniverseKit_Top.jpg", "width": 640, "height": 480, "world_matrix": [[-3.42285420007471e-08, -0.9999999999999993, 1.2246467620799123e-16, 0.0], [0.9999999999999993, -3.42285420007471e-08, 2.220446155002968e-16, 0.0], [-2.220446113085094e-16, 1.224646838082546e-16, 1.0, 0.0], [0.0, 0.0, 5.0, 1.0]]}, "/OmniverseKit_Right": {"name": "OmniverseKit_Right", "path": "/OmniverseKit_Right", "jpg_path": "C:\\VScode\\Yoshida_script\\teacher_data\\20260701_081252_3954dd29\\images\\081310_scripu4h_before_approach_OmniverseKit_Right.jpg", "width": 640, "height": 480, "world_matrix": [[1.0, -2.2204460872516273e-16, -3.8001315921616716e-24, 0.0], [-3.8001315921616716e-24, -3.422854177870249e-08, 0.9999999999999993, 0.0], [-2.2204460872516273e-16, -0.9999999999999993, -3.422854177870249e-08, 0.0], [0.0, -5.0, 0.0, 1.0]]}}}
{"run_id": "20260701_081252_3954dd29", "step_id": "081327_scripu4h_after_approach", "timestamp": 1782893607.8278227, "script_name": "scripu4h", "phase": "after_approach", "instruction": "grasp the cube with ShadowHand and lift it", "note": "baked good approach done", "state": {"hand_path": "/World/shadow_hand", "cube_path": "/World/Cube", "hand_translate": [-0.3572104709302832, 0.0326124528172253, 0.13027827214581286], "cube_translate": [0.07065548747777939, 0.021049337461590767, 0.04019100219011307], "cube_scale": [0.05000000074505806, 0.10000000149011612, 0.05000000074505806], "cube_usd_size": 1.0, "cube_height": 0.05000000074505806, "table_z": 0.01525612361729145, "cube_world_bottom_z": 0.015191001817584038, "cube_bottom_above_table": -6.512179970741272e-05, "current_joint_targets": {}, "action_joints": ["FFJ3", "FFJ2", "FFJ1", "MFJ3", "MFJ2", "MFJ1", "RFJ3", "RFJ2", "RFJ1", "LFJ4", "LFJ3", "LFJ2", "LFJ1", "THJ4", "THJ3", "THJ2", "THJ1"]}, "action": {"type": "hand_pose_target", "target_pos": [-0.3572104709302832, 0.0326124528172253, 0.13027827214581286]}, "success": null, "images": {"/World/shadow_hand/robot0_forearm/Camera_wrist": {"name": "Camera_wrist", "path": "/World/shadow_hand/robot0_forearm/Camera_wrist", "jpg_path": "C:\\VScode\\Yoshida_script\\teacher_data\\20260701_081252_3954dd29\\images\\081327_scripu4h_after_approach_World_shadow_hand_robot0_forearm_Camera_wrist.jpg", "width": 640, "height": 480, "world_matrix": [[0.012776860345676287, -0.09859294828453948, 0.010778778928960214, 0.0], [-0.003425750485918583, 0.010422662679111053, 0.09939634151466441, 0.0], [-0.09912121739857879, -0.01306898545640647, -0.002045855663483507, 0.0], [-0.2561766239015844, -0.029677593060485195, 0.04178876797670271, 1.0]]}, "/World/Camera_front": {"name": "Camera_front", "path": "/World/Camera_front", "jpg_path": "C:\\VScode\\Yoshida_script\\teacher_data\\20260701_081252_3954dd29\\images\\081327_scripu4h_after_approach_World_Camera_front.jpg", "width": 640, "height": 480, "world_matrix": [[0.5531734228741061, -0.8061801172643458, -0.2099351870301667, 0.0], [0.4700696038414246, 0.09401014464592727, 0.8776084891613218, 0.0], [-0.6877744774052841, -0.5841538420923871, 0.4309646818459617, 0.0], [-0.4385506212711334, -0.4639706611633301, 0.4342247247695923, 1.0]]}, "/World/Camera_top": {"name": "Camera_top", "path": "/World/Camera_top", "jpg_path": "C:\\VScode\\Yoshida_script\\teacher_data\\20260701_081252_3954dd29\\images\\081327_scripu4h_after_approach_World_Camera_top.jpg", "width": 640, "height": 480, "world_matrix": [[0.29812184758817784, -0.006294424000651742, -0.032920379245519174, 0.0], [0.019915700391513205, 0.2702691969323894, 0.1286776329437028, 0.0], [0.026958041862944558, -0.13005748178624268, 0.2689950233050686, 0.0], [0.12636259198188782, -0.12677189707756042, 0.4252224564552307, 1.0]]}, "/World/Camera_side": {"name": "Camera_side", "path": "/World/Camera_side", "jpg_path": "C:\\VScode\\Yoshida_script\\teacher_data\\20260701_081252_3954dd29\\images\\081327_scripu4h_after_approach_World_Camera_side.jpg", "width": 640, "height": 480, "world_matrix": [[-0.28982646013238916, -0.043279893159753904, 0.06424547460923952, 0.0], [0.060115902391122765, 0.03125009568959167, 0.2922490666394845, 0.0], [-0.0488539500899073, 0.2952122787419743, -0.02151764841104145, 0.0], [0.011841279454529285, 0.42371687293052673, 0.03717460483312607, 1.0]]}, "/OmniverseKit_Persp": {"name": "OmniverseKit_Persp", "path": "/OmniverseKit_Persp", "jpg_path": "C:\\VScode\\Yoshida_script\\teacher_data\\20260701_081252_3954dd29\\images\\081327_scripu4h_after_approach_OmniverseKit_Persp.jpg", "width": 640, "height": 480, "world_matrix": [[-0.7375939598172807, 0.6752445115964008, -4.5397828052351485e-08, 0.0], [-0.15638799738208986, -0.17082819054796938, 0.9728106308983913, 0.0], [0.6568850315815419, 0.7175392524963669, 0.2316019784265061, 0.0], [1.5347005128860474, 1.63753080368042, 0.600679874420166, 1.0]]}, "/OmniverseKit_Front": {"name": "OmniverseKit_Front", "path": "/OmniverseKit_Front", "jpg_path": "C:\\VScode\\Yoshida_script\\teacher_data\\20260701_081252_3954dd29\\images\\081327_scripu4h_after_approach_OmniverseKit_Front.jpg", "width": 640, "height": 480, "world_matrix": [[-4.440892098500626e-16, 1.0000000000000002, 2.220446049250313e-16, 0.0], [2.220446049250313e-16, -4.440892098500626e-16, 1.0000000000000002, 0.0], [1.0000000000000002, 2.220446049250313e-16, -4.440892098500626e-16, 0.0], [5.0, 0.0, 0.0, 1.0]]}, "/OmniverseKit_Top": {"name": "OmniverseKit_Top", "path": "/OmniverseKit_Top", "jpg_path": "C:\\VScode\\Yoshida_script\\teacher_data\\20260701_081252_3954dd29\\images\\081327_scripu4h_after_approach_OmniverseKit_Top.jpg", "width": 640, "height": 480, "world_matrix": [[-3.42285420007471e-08, -0.9999999999999993, 1.2246467620799123e-16, 0.0], [0.9999999999999993, -3.42285420007471e-08, 2.220446155002968e-16, 0.0], [-2.220446113085094e-16, 1.224646838082546e-16, 1.0, 0.0], [0.0, 0.0, 5.0, 1.0]]}, "/OmniverseKit_Right": {"name": "OmniverseKit_Right", "path": "/OmniverseKit_Right", "jpg_path": "C:\\VScode\\Yoshida_script\\teacher_data\\20260701_081252_3954dd29\\images\\081327_scripu4h_after_approach_OmniverseKit_Right.jpg", "width": 640, "height": 480, "world_matrix": [[1.0, -2.2204460872516273e-16, -3.8001315921616716e-24, 0.0], [-3.8001315921616716e-24, -3.422854177870249e-08, 0.9999999999999993, 0.0], [-2.2204460872516273e-16, -0.9999999999999993, -3.422854177870249e-08, 0.0], [0.0, -5.0, 0.0, 1.0]]}}}
{"run_id": "20260701_081252_3954dd29", "step_id": "081421_scripu4j_sweep_x_1", "timestamp": 1782893661.6936893, "script_name": "scripu4j", "phase": "sweep_x_1", "instruction": "grasp the cube with ShadowHand and lift it", "note": "power grasp x sweep trial", "state": {"hand_path": "/World/shadow_hand", "cube_path": "/World/Cube", "hand_translate": [-0.33721047093028317, 0.0326124528172253, 0.13027827214581286], "cube_translate": [0.046096108853816986, 0.03348797559738159, 0.04211615398526192], "cube_scale": [0.05000000074505806, 0.10000000149011612, 0.05000000074505806], "cube_usd_size": 1.0, "cube_height": 0.05000000074505806, "table_z": 0.01525612361729145, "cube_world_bottom_z": 0.017116153612732887, "cube_bottom_above_table": 0.0018600299954414368, "current_joint_targets": {"FFJ3": 22.0, "FFJ2": 55.0, "FFJ1": 50.0, "MFJ3": 22.0, "MFJ2": 60.0, "MFJ1": 55.0, "RFJ3": 22.0, "RFJ2": 55.0, "RFJ1": 50.0, "LFJ4": 6.0, "LFJ3": 22.0, "LFJ2": 55.0, "LFJ1": 50.0, "THJ4": 40.0, "THJ3": 48.0, "THJ2": 46.0, "THJ1": 36.0}, "action_joints": ["FFJ3", "FFJ2", "FFJ1", "MFJ3", "MFJ2", "MFJ1", "RFJ3", "RFJ2", "RFJ1", "LFJ4", "LFJ3", "LFJ2", "LFJ1", "THJ4", "THJ3", "THJ2", "THJ1"]}, "action": {"type": "grasp_sweep", "x_offset": 0.02, "hand_pose": [-0.33721047093028317, 0.0326124528172253, 0.13027827214581286], "grip": {"FFJ3": 22, "FFJ2": 55, "FFJ1": 50, "MFJ3": 22, "MFJ2": 60, "MFJ1": 55, "RFJ3": 22, "RFJ2": 55, "RFJ1": 50, "LFJ4": 6, "LFJ3": 22, "LFJ2": 55, "LFJ1": 50, "THJ4": 40, "THJ3": 48, "THJ2": 46, "THJ1": 36}, "follow_ratio": -1.0584481060504913, "lateral": 0.028064312983196532}, "success": null, "images": {"/World/shadow_hand/robot0_forearm/Camera_wrist": {"name": "Camera_wrist", "path": "/World/shadow_hand/robot0_forearm/Camera_wrist", "jpg_path": "C:\\VScode\\Yoshida_script\\teacher_data\\20260701_081252_3954dd29\\images\\081421_scripu4j_sweep_x_1_World_shadow_hand_robot0_forearm_Camera_wrist.jpg", "width": 640, "height": 480, "world_matrix": [[0.012776860345676287, -0.09859294828453948, 0.010778778928960214, 0.0], [-0.003425750485918583, 0.010422662679111053, 0.09939634151466441, 0.0], [-0.09912121739857879, -0.01306898545640647, -0.002045855663483507, 0.0], [-0.2361765833283509, -0.029677593046055627, 0.04178876829759738, 1.0]]}, "/World/Camera_front": {"name": "Camera_front", "path": "/World/Camera_front", "jpg_path": "C:\\VScode\\Yoshida_script\\teacher_data\\20260701_081252_3954dd29\\images\\081421_scripu4j_sweep_x_1_World_Camera_front.jpg", "width": 640, "height": 480, "world_matrix": [[0.5531734228741061, -0.8061801172643458, -0.2099351870301667, 0.0], [0.4700696038414246, 0.09401014464592727, 0.8776084891613218, 0.0], [-0.6877744774052841, -0.5841538420923871, 0.4309646818459617, 0.0], [-0.4385506212711334, -0.4639706611633301, 0.4342247247695923, 1.0]]}, "/World/Camera_top": {"name": "Camera_top", "path": "/World/Camera_top", "jpg_path": "C:\\VScode\\Yoshida_script\\teacher_data\\20260701_081252_3954dd29\\images\\081421_scripu4j_sweep_x_1_World_Camera_top.jpg", "width": 640, "height": 480, "world_matrix": [[0.29812184758817784, -0.006294424000651742, -0.032920379245519174, 0.0], [0.019915700391513205, 0.2702691969323894, 0.1286776329437028, 0.0], [0.026958041862944558, -0.13005748178624268, 0.2689950233050686, 0.0], [0.12636259198188782, -0.12677189707756042, 0.4252224564552307, 1.0]]}, "/World/Camera_side": {"name": "Camera_side", "path": "/World/Camera_side", "jpg_path": "C:\\VScode\\Yoshida_script\\teacher_data\\20260701_081252_3954dd29\\images\\081421_scripu4j_sweep_x_1_World_Camera_side.jpg", "width": 640, "height": 480, "world_matrix": [[-0.28982646013238916, -0.043279893159753904, 0.06424547460923952, 0.0], [0.060115902391122765, 0.03125009568959167, 0.2922490666394845, 0.0], [-0.0488539500899073, 0.2952122787419743, -0.02151764841104145, 0.0], [0.011841279454529285, 0.42371687293052673, 0.03717460483312607, 1.0]]}, "/OmniverseKit_Persp": {"name": "OmniverseKit_Persp", "path": "/OmniverseKit_Persp", "jpg_path": "C:\\VScode\\Yoshida_script\\teacher_data\\20260701_081252_3954dd29\\images\\081421_scripu4j_sweep_x_1_OmniverseKit_Persp.jpg", "width": 640, "height": 480, "world_matrix": [[-0.7375939598172807, 0.6752445115964008, -4.5397828052351485e-08, 0.0], [-0.15638799738208986, -0.17082819054796938, 0.9728106308983913, 0.0], [0.6568850315815419, 0.7175392524963669, 0.2316019784265061, 0.0], [1.5347005128860474, 1.63753080368042, 0.600679874420166, 1.0]]}, "/OmniverseKit_Front": {"name": "OmniverseKit_Front", "path": "/OmniverseKit_Front", "jpg_path": "C:\\VScode\\Yoshida_script\\teacher_data\\20260701_081252_3954dd29\\images\\081421_scripu4j_sweep_x_1_OmniverseKit_Front.jpg", "width": 640, "height": 480, "world_matrix": [[-4.440892098500626e-16, 1.0000000000000002, 2.220446049250313e-16, 0.0], [2.220446049250313e-16, -4.440892098500626e-16, 1.0000000000000002, 0.0], [1.0000000000000002, 2.220446049250313e-16, -4.440892098500626e-16, 0.0], [5.0, 0.0, 0.0, 1.0]]}, "/OmniverseKit_Top": {"name": "OmniverseKit_Top", "path": "/OmniverseKit_Top", "jpg_path": "C:\\VScode\\Yoshida_script\\teacher_data\\20260701_081252_3954dd29\\images\\081421_scripu4j_sweep_x_1_OmniverseKit_Top.jpg", "width": 640, "height": 480, "world_matrix": [[-3.42285420007471e-08, -0.9999999999999993, 1.2246467620799123e-16, 0.0], [0.9999999999999993, -3.42285420007471e-08, 2.220446155002968e-16, 0.0], [-2.220446113085094e-16, 1.224646838082546e-16, 1.0, 0.0], [0.0, 0.0, 5.0, 1.0]]}, "/OmniverseKit_Right": {"name": "OmniverseKit_Right", "path": "/OmniverseKit_Right", "jpg_path": "C:\\VScode\\Yoshida_script\\teacher_data\\20260701_081252_3954dd29\\images\\081421_scripu4j_sweep_x_1_OmniverseKit_Right.jpg", "width": 640, "height": 480, "world_matrix": [[1.0, -2.2204460872516273e-16, -3.8001315921616716e-24, 0.0], [-3.8001315921616716e-24, -3.422854177870249e-08, 0.9999999999999993, 0.0], [-2.2204460872516273e-16, -0.9999999999999993, -3.422854177870249e-08, 0.0], [0.0, -5.0, 0.0, 1.0]]}}}
{"run_id": "20260701_081252_3954dd29", "step_id": "081511_scripu4j_sweep_x_2", "timestamp": 1782893711.4290438, "script_name": "scripu4j", "phase": "sweep_x_2", "instruction": "grasp the cube with ShadowHand and lift it", "note": "power grasp x sweep trial", "state": {"hand_path": "/World/shadow_hand", "cube_path": "/World/Cube", "hand_translate": [-0.3222104709302832, 0.0326124528172253, 0.13027827214581286], "cube_translate": [0.049664903432130814, 0.03737981244921684, 0.04017042741179466], "cube_scale": [0.05000000074505806, 0.10000000149011612, 0.05000000074505806], "cube_usd_size": 1.0, "cube_height": 0.05000000074505806, "table_z": 0.01525612361729145, "cube_world_bottom_z": 0.015170427039265633, "cube_bottom_above_table": -8.569657802581787e-05, "current_joint_targets": {"FFJ3": 22.0, "FFJ2": 55.0, "FFJ1": 50.0, "MFJ3": 22.0, "MFJ2": 60.0, "MFJ1": 55.0, "RFJ3": 22.0, "RFJ2": 55.0, "RFJ1": 50.0, "LFJ4": 6.0, "LFJ3": 22.0, "LFJ2": 55.0, "LFJ1": 50.0, "THJ4": 40.0, "THJ3": 48.0, "THJ2": 46.0, "THJ1": 36.0}, "action_joints": ["FFJ3", "FFJ2", "FFJ1", "MFJ3", "MFJ2", "MFJ1", "RFJ3", "RFJ2", "RFJ1", "LFJ4", "LFJ3", "LFJ2", "LFJ1", "THJ4", "THJ3", "THJ2", "THJ1"]}, "action": {"type": "grasp_sweep", "x_offset": 0.035, "hand_pose": [-0.3222104709302832, 0.0326124528172253, 0.13027827214581286], "grip": {"FFJ3": 22, "FFJ2": 55, "FFJ1": 50, "MFJ3": 22, "MFJ2": 60, "MFJ1": 55, "RFJ3": 22, "RFJ2": 55, "RFJ1": 50, "LFJ4": 6, "LFJ3": 22, "LFJ2": 55, "LFJ1": 50, "THJ4": 40, "THJ3": 48, "THJ2": 46, "THJ1": 36}, "follow_ratio": 0.018155202269554138, "lateral": 0.0031746036914890915}, "success": null, "images": {"/World/shadow_hand/robot0_forearm/Camera_wrist": {"name": "Camera_wrist", "path": "/World/shadow_hand/robot0_forearm/Camera_wrist", "jpg_path": "C:\\VScode\\Yoshida_script\\teacher_data\\20260701_081252_3954dd29\\images\\081511_scripu4j_sweep_x_2_World_shadow_hand_robot0_forearm_Camera_wrist.jpg", "width": 640, "height": 480, "world_matrix": [[0.012776860345676287, -0.09859294828453948, 0.010778778928960214, 0.0], [-0.003425750485918583, 0.010422662679111053, 0.09939634151466441, 0.0], [-0.09912121739857879, -0.01306898545640647, -0.002045855663483507, 0.0], [-0.22117665721568086, -0.0296775930383624, 0.041788559852406135, 1.0]]}, "/World/Camera_front": {"name": "Camera_front", "path": "/World/Camera_front", "jpg_path": "C:\\VScode\\Yoshida_script\\teacher_data\\20260701_081252_3954dd29\\images\\081511_scripu4j_sweep_x_2_World_Camera_front.jpg", "width": 640, "height": 480, "world_matrix": [[0.5531734228741061, -0.8061801172643458, -0.2099351870301667, 0.0], [0.4700696038414246, 0.09401014464592727, 0.8776084891613218, 0.0], [-0.6877744774052841, -0.5841538420923871, 0.4309646818459617, 0.0], [-0.4385506212711334, -0.4639706611633301, 0.4342247247695923, 1.0]]}, "/World/Camera_top": {"name": "Camera_top", "path": "/World/Camera_top", "jpg_path": "C:\\VScode\\Yoshida_script\\teacher_data\\20260701_081252_3954dd29\\images\\081511_scripu4j_sweep_x_2_World_Camera_top.jpg", "width": 640, "height": 480, "world_matrix": [[0.29812184758817784, -0.006294424000651742, -0.032920379245519174, 0.0], [0.019915700391513205, 0.2702691969323894, 0.1286776329437028, 0.0], [0.026958041862944558, -0.13005748178624268, 0.2689950233050686, 0.0], [0.12636259198188782, -0.12677189707756042, 0.4252224564552307, 1.0]]}, "/World/Camera_side": {"name": "Camera_side", "path": "/World/Camera_side", "jpg_path": "C:\\VScode\\Yoshida_script\\teacher_data\\20260701_081252_3954dd29\\images\\081511_scripu4j_sweep_x_2_World_Camera_side.jpg", "width": 640, "height": 480, "world_matrix": [[-0.28982646013238916, -0.043279893159753904, 0.06424547460923952, 0.0], [0.060115902391122765, 0.03125009568959167, 0.2922490666394845, 0.0], [-0.0488539500899073, 0.2952122787419743, -0.02151764841104145, 0.0], [0.011841279454529285, 0.42371687293052673, 0.03717460483312607, 1.0]]}, "/OmniverseKit_Persp": {"name": "OmniverseKit_Persp", "path": "/OmniverseKit_Persp", "jpg_path": "C:\\VScode\\Yoshida_script\\teacher_data\\20260701_081252_3954dd29\\images\\081511_scripu4j_sweep_x_2_OmniverseKit_Persp.jpg", "width": 640, "height": 480, "world_matrix": [[-0.7375939598172807, 0.6752445115964008, -4.5397828052351485e-08, 0.0], [-0.15638799738208986, -0.17082819054796938, 0.9728106308983913, 0.0], [0.6568850315815419, 0.7175392524963669, 0.2316019784265061, 0.0], [1.5347005128860474, 1.63753080368042, 0.600679874420166, 1.0]]}, "/OmniverseKit_Front": {"name": "OmniverseKit_Front", "path": "/OmniverseKit_Front", "jpg_path": "C:\\VScode\\Yoshida_script\\teacher_data\\20260701_081252_3954dd29\\images\\081511_scripu4j_sweep_x_2_OmniverseKit_Front.jpg", "width": 640, "height": 480, "world_matrix": [[-4.440892098500626e-16, 1.0000000000000002, 2.220446049250313e-16, 0.0], [2.220446049250313e-16, -4.440892098500626e-16, 1.0000000000000002, 0.0], [1.0000000000000002, 2.220446049250313e-16, -4.440892098500626e-16, 0.0], [5.0, 0.0, 0.0, 1.0]]}, "/OmniverseKit_Top": {"name": "OmniverseKit_Top", "path": "/OmniverseKit_Top", "jpg_path": "C:\\VScode\\Yoshida_script\\teacher_data\\20260701_081252_3954dd29\\images\\081511_scripu4j_sweep_x_2_OmniverseKit_Top.jpg", "width": 640, "height": 480, "world_matrix": [[-3.42285420007471e-08, -0.9999999999999993, 1.2246467620799123e-16, 0.0], [0.9999999999999993, -3.42285420007471e-08, 2.220446155002968e-16, 0.0], [-2.220446113085094e-16, 1.224646838082546e-16, 1.0, 0.0], [0.0, 0.0, 5.0, 1.0]]}, "/OmniverseKit_Right": {"name": "OmniverseKit_Right", "path": "/OmniverseKit_Right", "jpg_path": "C:\\VScode\\Yoshida_script\\teacher_data\\20260701_081252_3954dd29\\images\\081511_scripu4j_sweep_x_2_OmniverseKit_Right.jpg", "width": 640, "height": 480, "world_matrix": [[1.0, -2.2204460872516273e-16, -3.8001315921616716e-24, 0.0], [-3.8001315921616716e-24, -3.422854177870249e-08, 0.9999999999999993, 0.0], [-2.2204460872516273e-16, -0.9999999999999993, -3.422854177870249e-08, 0.0], [0.0, -5.0, 0.0, 1.0]]}}}
{"run_id": "20260701_081252_3954dd29", "step_id": "081601_scripu4j_sweep_x_3", "timestamp": 1782893761.0299053, "script_name": "scripu4j", "phase": "sweep_x_3", "instruction": "grasp the cube with ShadowHand and lift it", "note": "power grasp x sweep trial", "state": {"hand_path": "/World/shadow_hand", "cube_path": "/World/Cube", "hand_translate": [-0.3072104709302832, 0.0326124528172253, 0.13027827214581286], "cube_translate": [0.044848959892988205, 0.02024763822555542, 0.04004913941025734], "cube_scale": [0.05000000074505806, 0.10000000149011612, 0.05000000074505806], "cube_usd_size": 1.0, "cube_height": 0.05000000074505806, "table_z": 0.01525612361729145, "cube_world_bottom_z": 0.01504913903772831, "cube_bottom_above_table": -0.00020698457956314087, "current_joint_targets": {"FFJ3": 22.0, "FFJ2": 55.0, "FFJ1": 50.0, "MFJ3": 22.0, "MFJ2": 60.0, "MFJ1": 55.0, "RFJ3": 22.0, "RFJ2": 55.0, "RFJ1": 50.0, "LFJ4": 6.0, "LFJ3": 22.0, "LFJ2": 55.0, "LFJ1": 50.0, "THJ4": 40.0, "THJ3": 48.0, "THJ2": 46.0, "THJ1": 36.0}, "action_joints": ["FFJ3", "FFJ2", "FFJ1", "MFJ3", "MFJ2", "MFJ1", "RFJ3", "RFJ2", "RFJ1", "LFJ4", "LFJ3", "LFJ2", "LFJ1", "THJ4", "THJ3", "THJ2", "THJ1"]}, "action": {"type": "grasp_sweep", "x_offset": 0.05, "hand_pose": [-0.3072104709302832, 0.0326124528172253, 0.13027827214581286], "grip": {"FFJ3": 22, "FFJ2": 55, "FFJ1": 50, "MFJ3": 22, "MFJ2": 60, "MFJ1": 55, "RFJ3": 22, "RFJ2": 55, "RFJ1": 50, "LFJ4": 6, "LFJ3": 22, "LFJ2": 55, "LFJ1": 50, "THJ4": 40, "THJ3": 48, "THJ2": 46, "THJ1": 36}, "follow_ratio": 0.004041939973831177, "lateral": 0.009178433755574845}, "success": null, "images": {"/World/shadow_hand/robot0_forearm/Camera_wrist": {"name": "Camera_wrist", "path": "/World/shadow_hand/robot0_forearm/Camera_wrist", "jpg_path": "C:\\VScode\\Yoshida_script\\teacher_data\\20260701_081252_3954dd29\\images\\081601_scripu4j_sweep_x_3_World_shadow_hand_robot0_forearm_Camera_wrist.jpg", "width": 640, "height": 480, "world_matrix": [[0.012776860345676287, -0.09859294828453948, 0.010778778928960214, 0.0], [-0.003425750485918583, 0.010422662679111053, 0.09939634151466441, 0.0], [-0.09912121739857879, -0.01306898545640647, -0.002045855663483507, 0.0], [-0.20617673110301432, -0.029677593030668914, 0.04178835140721533, 1.0]]}, "/World/Camera_front": {"name": "Camera_front", "path": "/World/Camera_front", "jpg_path": "C:\\VScode\\Yoshida_script\\teacher_data\\20260701_081252_3954dd29\\images\\081601_scripu4j_sweep_x_3_World_Camera_front.jpg", "width": 640, "height": 480, "world_matrix": [[0.5531734228741061, -0.8061801172643458, -0.2099351870301667, 0.0], [0.4700696038414246, 0.09401014464592727, 0.8776084891613218, 0.0], [-0.6877744774052841, -0.5841538420923871, 0.4309646818459617, 0.0], [-0.4385506212711334, -0.4639706611633301, 0.4342247247695923, 1.0]]}, "/World/Camera_top": {"name": "Camera_top", "path": "/World/Camera_top", "jpg_path": "C:\\VScode\\Yoshida_script\\teacher_data\\20260701_081252_3954dd29\\images\\081601_scripu4j_sweep_x_3_World_Camera_top.jpg", "width": 640, "height": 480, "world_matrix": [[0.29812184758817784, -0.006294424000651742, -0.032920379245519174, 0.0], [0.019915700391513205, 0.2702691969323894, 0.1286776329437028, 0.0], [0.026958041862944558, -0.13005748178624268, 0.2689950233050686, 0.0], [0.12636259198188782, -0.12677189707756042, 0.4252224564552307, 1.0]]}, "/World/Camera_side": {"name": "Camera_side", "path": "/World/Camera_side", "jpg_path": "C:\\VScode\\Yoshida_script\\teacher_data\\20260701_081252_3954dd29\\images\\081601_scripu4j_sweep_x_3_World_Camera_side.jpg", "width": 640, "height": 480, "world_matrix": [[-0.28982646013238916, -0.043279893159753904, 0.06424547460923952, 0.0], [0.060115902391122765, 0.03125009568959167, 0.2922490666394845, 0.0], [-0.0488539500899073, 0.2952122787419743, -0.02151764841104145, 0.0], [0.011841279454529285, 0.42371687293052673, 0.03717460483312607, 1.0]]}, "/OmniverseKit_Persp": {"name": "OmniverseKit_Persp", "path": "/OmniverseKit_Persp", "jpg_path": "C:\\VScode\\Yoshida_script\\teacher_data\\20260701_081252_3954dd29\\images\\081601_scripu4j_sweep_x_3_OmniverseKit_Persp.jpg", "width": 640, "height": 480, "world_matrix": [[-0.7375939598172807, 0.6752445115964008, -4.5397828052351485e-08, 0.0], [-0.15638799738208986, -0.17082819054796938, 0.9728106308983913, 0.0], [0.6568850315815419, 0.7175392524963669, 0.2316019784265061, 0.0], [1.5347005128860474, 1.63753080368042, 0.600679874420166, 1.0]]}, "/OmniverseKit_Front": {"name": "OmniverseKit_Front", "path": "/OmniverseKit_Front", "jpg_path": "C:\\VScode\\Yoshida_script\\teacher_data\\20260701_081252_3954dd29\\images\\081601_scripu4j_sweep_x_3_OmniverseKit_Front.jpg", "width": 640, "height": 480, "world_matrix": [[-4.440892098500626e-16, 1.0000000000000002, 2.220446049250313e-16, 0.0], [2.220446049250313e-16, -4.440892098500626e-16, 1.0000000000000002, 0.0], [1.0000000000000002, 2.220446049250313e-16, -4.440892098500626e-16, 0.0], [5.0, 0.0, 0.0, 1.0]]}, "/OmniverseKit_Top": {"name": "OmniverseKit_Top", "path": "/OmniverseKit_Top", "jpg_path": "C:\\VScode\\Yoshida_script\\teacher_data\\20260701_081252_3954dd29\\images\\081601_scripu4j_sweep_x_3_OmniverseKit_Top.jpg", "width": 640, "height": 480, "world_matrix": [[-3.42285420007471e-08, -0.9999999999999993, 1.2246467620799123e-16, 0.0], [0.9999999999999993, -3.42285420007471e-08, 2.220446155002968e-16, 0.0], [-2.220446113085094e-16, 1.224646838082546e-16, 1.0, 0.0], [0.0, 0.0, 5.0, 1.0]]}, "/OmniverseKit_Right": {"name": "OmniverseKit_Right", "path": "/OmniverseKit_Right", "jpg_path": "C:\\VScode\\Yoshida_script\\teacher_data\\20260701_081252_3954dd29\\images\\081601_scripu4j_sweep_x_3_OmniverseKit_Right.jpg", "width": 640, "height": 480, "world_matrix": [[1.0, -2.2204460872516273e-16, -3.8001315921616716e-24, 0.0], [-3.8001315921616716e-24, -3.422854177870249e-08, 0.9999999999999993, 0.0], [-2.2204460872516273e-16, -0.9999999999999993, -3.422854177870249e-08, 0.0], [0.0, -5.0, 0.0, 1.0]]}}}
{"run_id": "20260701_081252_3954dd29", "step_id": "083629_scripu4h2_before_approach", "timestamp": 1782894989.2334285, "script_name": "scripu4h2", "phase": "before_approach", "instruction": "grasp the cube with ShadowHand and lift it", "note": "", "state": {"hand_path": "/World/shadow_hand", "cube_path": "/World/Cube", "hand_translate": [-0.3072104709302832, 0.0326124528172253, 0.19027827214581286], "cube_translate": [2.26153576149381e-22, 1.880567513059867e-21, 0.015], "cube_scale": [0.03, 0.03, 0.03], "cube_usd_size": 1.0, "cube_height": 0.03, "table_z": 0.01525612361729145, "cube_world_bottom_z": 0.0, "cube_bottom_above_table": -0.01525612361729145, "current_joint_targets": {"FFJ3": 22.0, "FFJ2": 55.0, "FFJ1": 50.0, "MFJ3": 22.0, "MFJ2": 60.0, "MFJ1": 55.0, "RFJ3": 22.0, "RFJ2": 55.0, "RFJ1": 50.0, "LFJ4": 6.0, "LFJ3": 22.0, "LFJ2": 55.0, "LFJ1": 50.0, "THJ4": 40.0, "THJ3": 48.0, "THJ2": 46.0, "THJ1": 36.0}, "action_joints": ["FFJ3", "FFJ2", "FFJ1", "MFJ3", "MFJ2", "MFJ1", "RFJ3", "RFJ2", "RFJ1", "LFJ4", "LFJ3", "LFJ2", "LFJ1", "THJ4", "THJ3", "THJ2", "THJ1"]}, "action": {}, "success": null, "images": {"/World/shadow_hand/robot0_forearm/Camera_wrist": {"name": "Camera_wrist", "path": "/World/shadow_hand/robot0_forearm/Camera_wrist", "jpg_path": "C:\\VScode\\Yoshida_script\\teacher_data\\20260701_081252_3954dd29\\images\\083629_scripu4h2_before_approach_World_shadow_hand_robot0_forearm_Camera_wrist.jpg", "width": 640, "height": 480, "world_matrix": [[0.012776860345676287, -0.09859294828453948, 0.010778778928960214, 0.0], [-0.003425750485918583, 0.010422662679111053, 0.09939634151466441, 0.0], [-0.09912121739857879, -0.01306898545640647, -0.002045855663483507, 0.0], [-0.20617662710819767, -0.02967759414222517, 0.1017888389628215, 1.0]]}, "/World/Camera_front": {"name": "Camera_front", "path": "/World/Camera_front", "jpg_path": "C:\\VScode\\Yoshida_script\\teacher_data\\20260701_081252_3954dd29\\images\\083629_scripu4h2_before_approach_World_Camera_front.jpg", "width": 640, "height": 480, "world_matrix": [[0.5531734228741061, -0.8061801172643458, -0.2099351870301667, 0.0], [0.4700696038414246, 0.09401014464592727, 0.8776084891613218, 0.0], [-0.6877744774052841, -0.5841538420923871, 0.4309646818459617, 0.0], [-0.4385506212711334, -0.4639706611633301, 0.4342247247695923, 1.0]]}, "/World/Camera_top": {"name": "Camera_top", "path": "/World/Camera_top", "jpg_path": "C:\\VScode\\Yoshida_script\\teacher_data\\20260701_081252_3954dd29\\images\\083629_scripu4h2_before_approach_World_Camera_top.jpg", "width": 640, "height": 480, "world_matrix": [[0.29812184758817784, -0.006294424000651742, -0.032920379245519174, 0.0], [0.019915700391513205, 0.2702691969323894, 0.1286776329437028, 0.0], [0.026958041862944558, -0.13005748178624268, 0.2689950233050686, 0.0], [0.12636259198188782, -0.12677189707756042, 0.4252224564552307, 1.0]]}, "/World/Camera_side": {"name": "Camera_side", "path": "/World/Camera_side", "jpg_path": "C:\\VScode\\Yoshida_script\\teacher_data\\20260701_081252_3954dd29\\images\\083629_scripu4h2_before_approach_World_Camera_side.jpg", "width": 640, "height": 480, "world_matrix": [[-0.28982646013238916, -0.043279893159753904, 0.06424547460923952, 0.0], [0.060115902391122765, 0.03125009568959167, 0.2922490666394845, 0.0], [-0.0488539500899073, 0.2952122787419743, -0.02151764841104145, 0.0], [0.011841279454529285, 0.42371687293052673, 0.03717460483312607, 1.0]]}, "/OmniverseKit_Persp": {"name": "OmniverseKit_Persp", "path": "/OmniverseKit_Persp", "jpg_path": "C:\\VScode\\Yoshida_script\\teacher_data\\20260701_081252_3954dd29\\images\\083629_scripu4h2_before_approach_OmniverseKit_Persp.jpg", "width": 640, "height": 480, "world_matrix": [[-0.7375939598172807, 0.6752445115964008, -4.5397828052351485e-08, 0.0], [-0.15638799738208986, -0.17082819054796938, 0.9728106308983913, 0.0], [0.6568850315815419, 0.7175392524963669, 0.2316019784265061, 0.0], [1.5347005128860474, 1.63753080368042, 0.600679874420166, 1.0]]}, "/OmniverseKit_Front": {"name": "OmniverseKit_Front", "path": "/OmniverseKit_Front", "jpg_path": "C:\\VScode\\Yoshida_script\\teacher_data\\20260701_081252_3954dd29\\images\\083629_scripu4h2_before_approach_OmniverseKit_Front.jpg", "width": 640, "height": 480, "world_matrix": [[-4.440892098500626e-16, 1.0000000000000002, 2.220446049250313e-16, 0.0], [2.220446049250313e-16, -4.440892098500626e-16, 1.0000000000000002, 0.0], [1.0000000000000002, 2.220446049250313e-16, -4.440892098500626e-16, 0.0], [5.0, 0.0, 0.0, 1.0]]}, "/OmniverseKit_Top": {"name": "OmniverseKit_Top", "path": "/OmniverseKit_Top", "jpg_path": "C:\\VScode\\Yoshida_script\\teacher_data\\20260701_081252_3954dd29\\images\\083629_scripu4h2_before_approach_OmniverseKit_Top.jpg", "width": 640, "height": 480, "world_matrix": [[-3.42285420007471e-08, -0.9999999999999993, 1.2246467620799123e-16, 0.0], [0.9999999999999993, -3.42285420007471e-08, 2.220446155002968e-16, 0.0], [-2.220446113085094e-16, 1.224646838082546e-16, 1.0, 0.0], [0.0, 0.0, 5.0, 1.0]]}, "/OmniverseKit_Right": {"name": "OmniverseKit_Right", "path": "/OmniverseKit_Right", "jpg_path": "C:\\VScode\\Yoshida_script\\teacher_data\\20260701_081252_3954dd29\\images\\083629_scripu4h2_before_approach_OmniverseKit_Right.jpg", "width": 640, "height": 480, "world_matrix": [[1.0, -2.2204460872516273e-16, -3.8001315921616716e-24, 0.0], [-3.8001315921616716e-24, -3.422854177870249e-08, 0.9999999999999993, 0.0], [-2.2204460872516273e-16, -0.9999999999999993, -3.422854177870249e-08, 0.0], [0.0, -5.0, 0.0, 1.0]]}}}
