{"run_id": "20260701_061524_3dd56b17", "step_id": "061526_scripu2_common_setup_loaded", "timestamp": 1782886526.2581227, "script_name": "scripu2", "phase": "common_setup_loaded", "instruction": "grasp the cube with ShadowHand and lift it", "note": "saved initial state restored and cameras initialized", "state": {"hand_path": "/World/shadow_hand", "cube_path": "/World/Cube", "hand_translate": [-0.2822104709302832, 0.0326124528172253, 0.18027827214581288], "cube_translate": [0.07310184836387634, 0.02266433835029602, 0.040256112813949585], "cube_scale": [0.05000000074505806, 0.10000000149011612, 0.05000000074505806], "cube_usd_size": 1.0, "cube_height": 0.05000000074505806, "table_z": 0.01525612361729145, "cube_world_bottom_z": 0.015256112441420555, "cube_bottom_above_table": -1.1175870895385742e-08, "current_joint_targets": {}, "action_joints": ["FFJ3", "FFJ2", "FFJ1", "MFJ3", "MFJ2", "MFJ1", "RFJ3", "RFJ2", "RFJ1", "LFJ4", "LFJ3", "LFJ2", "LFJ1", "THJ4", "THJ3", "THJ2", "THJ1"]}, "action": {"type": "setup"}, "success": null, "images": {"/World/shadow_hand/robot0_forearm/Camera_wrist": {"name": "Camera_wrist", "path": "/World/shadow_hand/robot0_forearm/Camera_wrist", "jpg_path": "C:\\VScode\\Yoshida_script\\teacher_data\\20260701_061524_3dd56b17\\images\\061526_scripu2_common_setup_loaded_World_shadow_hand_robot0_forearm_Camera_wrist.jpg", "width": 640, "height": 480, "world_matrix": [[0.012776860345676287, -0.09859294828453948, 0.010778778928960214, 0.0], [-0.003425750485918583, 0.010422662679111053, 0.09939634151466441, 0.0], [-0.09912121739857879, -0.01306898545640647, -0.002045855663483507, 0.0], [-0.18117659631341793, -0.029677599503691955, 0.09178880131810854, 1.0]]}, "/World/Camera_front": {"name": "Camera_front", "path": "/World/Camera_front", "jpg_path": "C:\\VScode\\Yoshida_script\\teacher_data\\20260701_061524_3dd56b17\\images\\061526_scripu2_common_setup_loaded_World_Camera_front.jpg", "width": 640, "height": 480, "world_matrix": [[0.5531734228741061, -0.8061801172643458, -0.2099351870301667, 0.0], [0.4700696038414246, 0.09401014464592727, 0.8776084891613218, 0.0], [-0.6877744774052841, -0.5841538420923871, 0.4309646818459617, 0.0], [-0.4385506212711334, -0.4639706611633301, 0.4342247247695923, 1.0]]}, "/World/Camera_top": {"name": "Camera_top", "path": "/World/Camera_top", "jpg_path": "C:\\VScode\\Yoshida_script\\teacher_data\\20260701_061524_3dd56b17\\images\\061526_scripu2_common_setup_loaded_World_Camera_top.jpg", "width": 640, "height": 480, "world_matrix": [[0.29812184758817784, -0.006294424000651742, -0.032920379245519174, 0.0], [0.019915700391513205, 0.2702691969323894, 0.1286776329437028, 0.0], [0.026958041862944558, -0.13005748178624268, 0.2689950233050686, 0.0], [0.12636259198188782, -0.12677189707756042, 0.4252224564552307, 1.0]]}, "/World/Camera_side": {"name": "Camera_side", "path": "/World/Camera_side", "jpg_path": "C:\\VScode\\Yoshida_script\\teacher_data\\20260701_061524_3dd56b17\\images\\061526_scripu2_common_setup_loaded_World_Camera_side.jpg", "width": 640, "height": 480, "world_matrix": [[-0.28982646013238916, -0.043279893159753904, 0.06424547460923952, 0.0], [0.060115902391122765, 0.03125009568959167, 0.2922490666394845, 0.0], [-0.0488539500899073, 0.2952122787419743, -0.02151764841104145, 0.0], [0.011841279454529285, 0.42371687293052673, 0.03717460483312607, 1.0]]}, "/OmniverseKit_Persp": {"name": "OmniverseKit_Persp", "path": "/OmniverseKit_Persp", "jpg_path": "C:\\VScode\\Yoshida_script\\teacher_data\\20260701_061524_3dd56b17\\images\\061526_scripu2_common_setup_loaded_OmniverseKit_Persp.jpg", "width": 640, "height": 480, "world_matrix": [[-0.7375939598172807, 0.6752445115964008, -4.5397828052351485e-08, 0.0], [-0.15638799738208986, -0.17082819054796938, 0.9728106308983913, 0.0], [0.6568850315815419, 0.7175392524963669, 0.2316019784265061, 0.0], [1.5347005128860474, 1.63753080368042, 0.600679874420166, 1.0]]}, "/OmniverseKit_Front": {"name": "OmniverseKit_Front", "path": "/OmniverseKit_Front", "jpg_path": "C:\\VScode\\Yoshida_script\\teacher_data\\20260701_061524_3dd56b17\\images\\061526_scripu2_common_setup_loaded_OmniverseKit_Front.jpg", "width": 640, "height": 480, "world_matrix": [[-4.440892098500626e-16, 1.0000000000000002, 2.220446049250313e-16, 0.0], [2.220446049250313e-16, -4.440892098500626e-16, 1.0000000000000002, 0.0], [1.0000000000000002, 2.220446049250313e-16, -4.440892098500626e-16, 0.0], [5.0, 0.0, 0.0, 1.0]]}, "/OmniverseKit_Top": {"name": "OmniverseKit_Top", "path": "/OmniverseKit_Top", "jpg_path": "C:\\VScode\\Yoshida_script\\teacher_data\\20260701_061524_3dd56b17\\images\\061526_scripu2_common_setup_loaded_OmniverseKit_Top.jpg", "width": 640, "height": 480, "world_matrix": [[-3.42285420007471e-08, -0.9999999999999993, 1.2246467620799123e-16, 0.0], [0.9999999999999993, -3.42285420007471e-08, 2.220446155002968e-16, 0.0], [-2.220446113085094e-16, 1.224646838082546e-16, 1.0, 0.0], [0.0, 0.0, 5.0, 1.0]]}, "/OmniverseKit_Right": {"name": "OmniverseKit_Right", "path": "/OmniverseKit_Right", "jpg_path": "C:\\VScode\\Yoshida_script\\teacher_data\\20260701_061524_3dd56b17\\images\\061526_scripu2_common_setup_loaded_OmniverseKit_Right.jpg", "width": 640, "height": 480, "world_matrix": [[1.0, -2.2204460872516273e-16, -3.8001315921616716e-24, 0.0], [-3.8001315921616716e-24, -3.422854177870249e-08, 0.9999999999999993, 0.0], [-2.2204460872516273e-16, -0.9999999999999993, -3.422854177870249e-08, 0.0], [0.0, -5.0, 0.0, 1.0]]}}}
{"run_id": "20260701_061524_3dd56b17", "step_id": "061618_scripu4g_before_adaptive_grasp", "timestamp": 1782886578.0255284, "script_name": "scripu4g", "phase": "before_adaptive_grasp", "instruction": "grasp the cube with ShadowHand and lift it", "note": "before adaptive close+test-lift grasp", "state": {"hand_path": "/World/shadow_hand", "cube_path": "/World/Cube", "hand_translate": [-0.27221047093028317, 0.0326124528172253, 0.17027827214581287], "cube_translate": [0.07455278187990189, 0.021364225074648857, 0.040256090462207794], "cube_scale": [0.05000000074505806, 0.10000000149011612, 0.05000000074505806], "cube_usd_size": 1.0, "cube_height": 0.05000000074505806, "table_z": 0.01525612361729145, "cube_world_bottom_z": 0.015256090089678764, "cube_bottom_above_table": -3.3527612686157227e-08, "current_joint_targets": {}, "action_joints": ["FFJ3", "FFJ2", "FFJ1", "MFJ3", "MFJ2", "MFJ1", "RFJ3", "RFJ2", "RFJ1", "LFJ4", "LFJ3", "LFJ2", "LFJ1", "THJ4", "THJ3", "THJ2", "THJ1"]}, "action": {"type": "before_adaptive_grasp"}, "success": null, "images": {"/World/shadow_hand/robot0_forearm/Camera_wrist": {"name": "Camera_wrist", "path": "/World/shadow_hand/robot0_forearm/Camera_wrist", "jpg_path": "C:\\VScode\\Yoshida_script\\teacher_data\\20260701_061524_3dd56b17\\images\\061618_scripu4g_before_adaptive_grasp_World_shadow_hand_robot0_forearm_Camera_wrist.jpg", "width": 640, "height": 480, "world_matrix": [[0.012776860345676287, -0.09859294828453948, 0.010778778928960214, 0.0], [-0.003425750485918583, 0.010422662679111053, 0.09939634151466441, 0.0], [-0.09912121739857879, -0.01306898545640647, -0.002045855663483507, 0.0], [-0.1711766356110077, -0.029677599489466702, 0.08178881117116568, 1.0]]}, "/World/Camera_front": {"name": "Camera_front", "path": "/World/Camera_front", "jpg_path": "C:\\VScode\\Yoshida_script\\teacher_data\\20260701_061524_3dd56b17\\images\\061618_scripu4g_before_adaptive_grasp_World_Camera_front.jpg", "width": 640, "height": 480, "world_matrix": [[0.5531734228741061, -0.8061801172643458, -0.2099351870301667, 0.0], [0.4700696038414246, 0.09401014464592727, 0.8776084891613218, 0.0], [-0.6877744774052841, -0.5841538420923871, 0.4309646818459617, 0.0], [-0.4385506212711334, -0.4639706611633301, 0.4342247247695923, 1.0]]}, "/World/Camera_top": {"name": "Camera_top", "path": "/World/Camera_top", "jpg_path": "C:\\VScode\\Yoshida_script\\teacher_data\\20260701_061524_3dd56b17\\images\\061618_scripu4g_before_adaptive_grasp_World_Camera_top.jpg", "width": 640, "height": 480, "world_matrix": [[0.29812184758817784, -0.006294424000651742, -0.032920379245519174, 0.0], [0.019915700391513205, 0.2702691969323894, 0.1286776329437028, 0.0], [0.026958041862944558, -0.13005748178624268, 0.2689950233050686, 0.0], [0.12636259198188782, -0.12677189707756042, 0.4252224564552307, 1.0]]}, "/World/Camera_side": {"name": "Camera_side", "path": "/World/Camera_side", "jpg_path": "C:\\VScode\\Yoshida_script\\teacher_data\\20260701_061524_3dd56b17\\images\\061618_scripu4g_before_adaptive_grasp_World_Camera_side.jpg", "width": 640, "height": 480, "world_matrix": [[-0.28982646013238916, -0.043279893159753904, 0.06424547460923952, 0.0], [0.060115902391122765, 0.03125009568959167, 0.2922490666394845, 0.0], [-0.0488539500899073, 0.2952122787419743, -0.02151764841104145, 0.0], [0.011841279454529285, 0.42371687293052673, 0.03717460483312607, 1.0]]}, "/OmniverseKit_Persp": {"name": "OmniverseKit_Persp", "path": "/OmniverseKit_Persp", "jpg_path": "C:\\VScode\\Yoshida_script\\teacher_data\\20260701_061524_3dd56b17\\images\\061618_scripu4g_before_adaptive_grasp_OmniverseKit_Persp.jpg", "width": 640, "height": 480, "world_matrix": [[-0.7375939598172807, 0.6752445115964008, -4.5397828052351485e-08, 0.0], [-0.15638799738208986, -0.17082819054796938, 0.9728106308983913, 0.0], [0.6568850315815419, 0.7175392524963669, 0.2316019784265061, 0.0], [1.5347005128860474, 1.63753080368042, 0.600679874420166, 1.0]]}, "/OmniverseKit_Front": {"name": "OmniverseKit_Front", "path": "/OmniverseKit_Front", "jpg_path": "C:\\VScode\\Yoshida_script\\teacher_data\\20260701_061524_3dd56b17\\images\\061618_scripu4g_before_adaptive_grasp_OmniverseKit_Front.jpg", "width": 640, "height": 480, "world_matrix": [[-4.440892098500626e-16, 1.0000000000000002, 2.220446049250313e-16, 0.0], [2.220446049250313e-16, -4.440892098500626e-16, 1.0000000000000002, 0.0], [1.0000000000000002, 2.220446049250313e-16, -4.440892098500626e-16, 0.0], [5.0, 0.0, 0.0, 1.0]]}, "/OmniverseKit_Top": {"name": "OmniverseKit_Top", "path": "/OmniverseKit_Top", "jpg_path": "C:\\VScode\\Yoshida_script\\teacher_data\\20260701_061524_3dd56b17\\images\\061618_scripu4g_before_adaptive_grasp_OmniverseKit_Top.jpg", "width": 640, "height": 480, "world_matrix": [[-3.42285420007471e-08, -0.9999999999999993, 1.2246467620799123e-16, 0.0], [0.9999999999999993, -3.42285420007471e-08, 2.220446155002968e-16, 0.0], [-2.220446113085094e-16, 1.224646838082546e-16, 1.0, 0.0], [0.0, 0.0, 5.0, 1.0]]}, "/OmniverseKit_Right": {"name": "OmniverseKit_Right", "path": "/OmniverseKit_Right", "jpg_path": "C:\\VScode\\Yoshida_script\\teacher_data\\20260701_061524_3dd56b17\\images\\061618_scripu4g_before_adaptive_grasp_OmniverseKit_Right.jpg", "width": 640, "height": 480, "world_matrix": [[1.0, -2.2204460872516273e-16, -3.8001315921616716e-24, 0.0], [-3.8001315921616716e-24, -3.422854177870249e-08, 0.9999999999999993, 0.0], [-2.2204460872516273e-16, -0.9999999999999993, -3.422854177870249e-08, 0.0], [0.0, -5.0, 0.0, 1.0]]}}}
{"run_id": "20260701_061524_3dd56b17", "step_id": "061641_scripu4g_close_test_1", "timestamp": 1782886601.437211, "script_name": "scripu4g", "phase": "close_test_1", "instruction": "grasp the cube with ShadowHand and lift it", "note": "progressive close + 2mm test lift", "state": {"hand_path": "/World/shadow_hand", "cube_path": "/World/Cube", "hand_translate": [-0.27221047093028317, 0.0326124528172253, 0.17027827214581287], "cube_translate": [0.07438550889492035, 0.020450228825211525, 0.04018419235944748], "cube_scale": [0.05000000074505806, 0.10000000149011612, 0.05000000074505806], "cube_usd_size": 1.0, "cube_height": 0.05000000074505806, "table_z": 0.01525612361729145, "cube_world_bottom_z": 0.01518419198691845, "cube_bottom_above_table": -7.19316303730011e-05, "current_joint_targets": {"FFJ3": 11.0, "FFJ2": 19.0, "FFJ1": 10.0, "MFJ3": 13.0, "MFJ2": 23.0, "MFJ1": 14.0, "RFJ3": 11.0, "RFJ2": 19.0, "RFJ1": 10.0, "LFJ4": 4.0, "LFJ3": 11.0, "LFJ2": 19.0, "LFJ1": 10.0, "THJ4": 24.0, "THJ3": 29.0, "THJ2": 27.0, "THJ1": 19.0}, "action_joints": ["FFJ3", "FFJ2", "FFJ1", "MFJ3", "MFJ2", "MFJ1", "RFJ3", "RFJ2", "RFJ1", "LFJ4", "LFJ3", "LFJ2", "LFJ1", "THJ4", "THJ3", "THJ2", "THJ1"]}, "action": {"type": "adaptive_close_test", "iter": 1, "grip": {"FFJ3": 11, "FFJ2": 19, "FFJ1": 10, "MFJ3": 13, "MFJ2": 23, "MFJ1": 14, "RFJ3": 11, "RFJ2": 19, "RFJ1": 10, "LFJ4": 4, "LFJ3": 11, "LFJ2": 19, "LFJ1": 10, "THJ4": 24, "THJ3": 29, "THJ2": 27, "THJ1": 19}, "cube_rise": 6.366148591041565e-05, "follow_ratio": 0.031830742955207825, "lateral": 0.0007719663221878436}, "success": null, "images": {"/World/shadow_hand/robot0_forearm/Camera_wrist": {"name": "Camera_wrist", "path": "/World/shadow_hand/robot0_forearm/Camera_wrist", "jpg_path": "C:\\VScode\\Yoshida_script\\teacher_data\\20260701_061524_3dd56b17\\images\\061641_scripu4g_close_test_1_World_shadow_hand_robot0_forearm_Camera_wrist.jpg", "width": 640, "height": 480, "world_matrix": [[0.012776860345676287, -0.09859294828453948, 0.010778778928960214, 0.0], [-0.003425750485918583, 0.010422662679111053, 0.09939634151466441, 0.0], [-0.09912121739857879, -0.01306898545640647, -0.002045855663483507, 0.0], [-0.1711766356110077, -0.029677599489466702, 0.08178881117116568, 1.0]]}, "/World/Camera_front": {"name": "Camera_front", "path": "/World/Camera_front", "jpg_path": "C:\\VScode\\Yoshida_script\\teacher_data\\20260701_061524_3dd56b17\\images\\061641_scripu4g_close_test_1_World_Camera_front.jpg", "width": 640, "height": 480, "world_matrix": [[0.5531734228741061, -0.8061801172643458, -0.2099351870301667, 0.0], [0.4700696038414246, 0.09401014464592727, 0.8776084891613218, 0.0], [-0.6877744774052841, -0.5841538420923871, 0.4309646818459617, 0.0], [-0.4385506212711334, -0.4639706611633301, 0.4342247247695923, 1.0]]}, "/World/Camera_top": {"name": "Camera_top", "path": "/World/Camera_top", "jpg_path": "C:\\VScode\\Yoshida_script\\teacher_data\\20260701_061524_3dd56b17\\images\\061641_scripu4g_close_test_1_World_Camera_top.jpg", "width": 640, "height": 480, "world_matrix": [[0.29812184758817784, -0.006294424000651742, -0.032920379245519174, 0.0], [0.019915700391513205, 0.2702691969323894, 0.1286776329437028, 0.0], [0.026958041862944558, -0.13005748178624268, 0.2689950233050686, 0.0], [0.12636259198188782, -0.12677189707756042, 0.4252224564552307, 1.0]]}, "/World/Camera_side": {"name": "Camera_side", "path": "/World/Camera_side", "jpg_path": "C:\\VScode\\Yoshida_script\\teacher_data\\20260701_061524_3dd56b17\\images\\061641_scripu4g_close_test_1_World_Camera_side.jpg", "width": 640, "height": 480, "world_matrix": [[-0.28982646013238916, -0.043279893159753904, 0.06424547460923952, 0.0], [0.060115902391122765, 0.03125009568959167, 0.2922490666394845, 0.0], [-0.0488539500899073, 0.2952122787419743, -0.02151764841104145, 0.0], [0.011841279454529285, 0.42371687293052673, 0.03717460483312607, 1.0]]}, "/OmniverseKit_Persp": {"name": "OmniverseKit_Persp", "path": "/OmniverseKit_Persp", "jpg_path": "C:\\VScode\\Yoshida_script\\teacher_data\\20260701_061524_3dd56b17\\images\\061641_scripu4g_close_test_1_OmniverseKit_Persp.jpg", "width": 640, "height": 480, "world_matrix": [[-0.7375939598172807, 0.6752445115964008, -4.5397828052351485e-08, 0.0], [-0.15638799738208986, -0.17082819054796938, 0.9728106308983913, 0.0], [0.6568850315815419, 0.7175392524963669, 0.2316019784265061, 0.0], [1.5347005128860474, 1.63753080368042, 0.600679874420166, 1.0]]}, "/OmniverseKit_Front": {"name": "OmniverseKit_Front", "path": "/OmniverseKit_Front", "jpg_path": "C:\\VScode\\Yoshida_script\\teacher_data\\20260701_061524_3dd56b17\\images\\061641_scripu4g_close_test_1_OmniverseKit_Front.jpg", "width": 640, "height": 480, "world_matrix": [[-4.440892098500626e-16, 1.0000000000000002, 2.220446049250313e-16, 0.0], [2.220446049250313e-16, -4.440892098500626e-16, 1.0000000000000002, 0.0], [1.0000000000000002, 2.220446049250313e-16, -4.440892098500626e-16, 0.0], [5.0, 0.0, 0.0, 1.0]]}, "/OmniverseKit_Top": {"name": "OmniverseKit_Top", "path": "/OmniverseKit_Top", "jpg_path": "C:\\VScode\\Yoshida_script\\teacher_data\\20260701_061524_3dd56b17\\images\\061641_scripu4g_close_test_1_OmniverseKit_Top.jpg", "width": 640, "height": 480, "world_matrix": [[-3.42285420007471e-08, -0.9999999999999993, 1.2246467620799123e-16, 0.0], [0.9999999999999993, -3.42285420007471e-08, 2.220446155002968e-16, 0.0], [-2.220446113085094e-16, 1.224646838082546e-16, 1.0, 0.0], [0.0, 0.0, 5.0, 1.0]]}, "/OmniverseKit_Right": {"name": "OmniverseKit_Right", "path": "/OmniverseKit_Right", "jpg_path": "C:\\VScode\\Yoshida_script\\teacher_data\\20260701_061524_3dd56b17\\images\\061641_scripu4g_close_test_1_OmniverseKit_Right.jpg", "width": 640, "height": 480, "world_matrix": [[1.0, -2.2204460872516273e-16, -3.8001315921616716e-24, 0.0], [-3.8001315921616716e-24, -3.422854177870249e-08, 0.9999999999999993, 0.0], [-2.2204460872516273e-16, -0.9999999999999993, -3.422854177870249e-08, 0.0], [0.0, -5.0, 0.0, 1.0]]}}}
{"run_id": "20260701_061524_3dd56b17", "step_id": "061656_scripu4g_close_test_2", "timestamp": 1782886616.6873329, "script_name": "scripu4g", "phase": "close_test_2", "instruction": "grasp the cube with ShadowHand and lift it", "note": "progressive close + 2mm test lift", "state": {"hand_path": "/World/shadow_hand", "cube_path": "/World/Cube", "hand_translate": [-0.27221047093028317, 0.0326124528172253, 0.17027827214581287], "cube_translate": [0.07414048165082932, 0.019053349271416664, 0.04039369150996208], "cube_scale": [0.05000000074505806, 0.10000000149011612, 0.05000000074505806], "cube_usd_size": 1.0, "cube_height": 0.05000000074505806, "table_z": 0.01525612361729145, "cube_world_bottom_z": 0.015393691137433052, "cube_bottom_above_table": 0.00013756752014160156, "current_joint_targets": {"FFJ3": 14.0, "FFJ2": 24.0, "FFJ1": 12.0, "MFJ3": 16.0, "MFJ2": 28.0, "MFJ1": 16.0, "RFJ3": 14.0, "RFJ2": 24.0, "RFJ1": 12.0, "LFJ4": 4.0, "LFJ3": 14.0, "LFJ2": 24.0, "LFJ1": 12.0, "THJ4": 28.0, "THJ3": 34.0, "THJ2": 32.0, "THJ1": 22.0}, "action_joints": ["FFJ3", "FFJ2", "FFJ1", "MFJ3", "MFJ2", "MFJ1", "RFJ3", "RFJ2", "RFJ1", "LFJ4", "LFJ3", "LFJ2", "LFJ1", "THJ4", "THJ3", "THJ2", "THJ1"]}, "action": {"type": "adaptive_close_test", "iter": 2, "grip": {"FFJ3": 14, "FFJ2": 24, "FFJ1": 12, "MFJ3": 16, "MFJ2": 28, "MFJ1": 16, "RFJ3": 14, "RFJ2": 24, "RFJ1": 12, "LFJ4": 4, "LFJ3": 14, "LFJ2": 24, "LFJ1": 12, "THJ4": 28, "THJ3": 34, "THJ2": 32, "THJ1": 22}, "cube_rise": 1.3209879398345947e-05, "follow_ratio": 0.006604939699172974, "lateral": 0.0017104429151241771}, "success": null, "images": {"/World/shadow_hand/robot0_forearm/Camera_wrist": {"name": "Camera_wrist", "path": "/World/shadow_hand/robot0_forearm/Camera_wrist", "jpg_path": "C:\\VScode\\Yoshida_script\\teacher_data\\20260701_061524_3dd56b17\\images\\061656_scripu4g_close_test_2_World_shadow_hand_robot0_forearm_Camera_wrist.jpg", "width": 640, "height": 480, "world_matrix": [[0.012776860345676287, -0.09859294828453948, 0.010778778928960214, 0.0], [-0.003425750485918583, 0.010422662679111053, 0.09939634151466441, 0.0], [-0.09912121739857879, -0.01306898545640647, -0.002045855663483507, 0.0], [-0.1711766356110077, -0.029677599489466702, 0.08178881117116568, 1.0]]}, "/World/Camera_front": {"name": "Camera_front", "path": "/World/Camera_front", "jpg_path": "C:\\VScode\\Yoshida_script\\teacher_data\\20260701_061524_3dd56b17\\images\\061656_scripu4g_close_test_2_World_Camera_front.jpg", "width": 640, "height": 480, "world_matrix": [[0.5531734228741061, -0.8061801172643458, -0.2099351870301667, 0.0], [0.4700696038414246, 0.09401014464592727, 0.8776084891613218, 0.0], [-0.6877744774052841, -0.5841538420923871, 0.4309646818459617, 0.0], [-0.4385506212711334, -0.4639706611633301, 0.4342247247695923, 1.0]]}, "/World/Camera_top": {"name": "Camera_top", "path": "/World/Camera_top", "jpg_path": "C:\\VScode\\Yoshida_script\\teacher_data\\20260701_061524_3dd56b17\\images\\061656_scripu4g_close_test_2_World_Camera_top.jpg", "width": 640, "height": 480, "world_matrix": [[0.29812184758817784, -0.006294424000651742, -0.032920379245519174, 0.0], [0.019915700391513205, 0.2702691969323894, 0.1286776329437028, 0.0], [0.026958041862944558, -0.13005748178624268, 0.2689950233050686, 0.0], [0.12636259198188782, -0.12677189707756042, 0.4252224564552307, 1.0]]}, "/World/Camera_side": {"name": "Camera_side", "path": "/World/Camera_side", "jpg_path": "C:\\VScode\\Yoshida_script\\teacher_data\\20260701_061524_3dd56b17\\images\\061656_scripu4g_close_test_2_World_Camera_side.jpg", "width": 640, "height": 480, "world_matrix": [[-0.28982646013238916, -0.043279893159753904, 0.06424547460923952, 0.0], [0.060115902391122765, 0.03125009568959167, 0.2922490666394845, 0.0], [-0.0488539500899073, 0.2952122787419743, -0.02151764841104145, 0.0], [0.011841279454529285, 0.42371687293052673, 0.03717460483312607, 1.0]]}, "/OmniverseKit_Persp": {"name": "OmniverseKit_Persp", "path": "/OmniverseKit_Persp", "jpg_path": "C:\\VScode\\Yoshida_script\\teacher_data\\20260701_061524_3dd56b17\\images\\061656_scripu4g_close_test_2_OmniverseKit_Persp.jpg", "width": 640, "height": 480, "world_matrix": [[-0.7375939598172807, 0.6752445115964008, -4.5397828052351485e-08, 0.0], [-0.15638799738208986, -0.17082819054796938, 0.9728106308983913, 0.0], [0.6568850315815419, 0.7175392524963669, 0.2316019784265061, 0.0], [1.5347005128860474, 1.63753080368042, 0.600679874420166, 1.0]]}, "/OmniverseKit_Front": {"name": "OmniverseKit_Front", "path": "/OmniverseKit_Front", "jpg_path": "C:\\VScode\\Yoshida_script\\teacher_data\\20260701_061524_3dd56b17\\images\\061656_scripu4g_close_test_2_OmniverseKit_Front.jpg", "width": 640, "height": 480, "world_matrix": [[-4.440892098500626e-16, 1.0000000000000002, 2.220446049250313e-16, 0.0], [2.220446049250313e-16, -4.440892098500626e-16, 1.0000000000000002, 0.0], [1.0000000000000002, 2.220446049250313e-16, -4.440892098500626e-16, 0.0], [5.0, 0.0, 0.0, 1.0]]}, "/OmniverseKit_Top": {"name": "OmniverseKit_Top", "path": "/OmniverseKit_Top", "jpg_path": "C:\\VScode\\Yoshida_script\\teacher_data\\20260701_061524_3dd56b17\\images\\061656_scripu4g_close_test_2_OmniverseKit_Top.jpg", "width": 640, "height": 480, "world_matrix": [[-3.42285420007471e-08, -0.9999999999999993, 1.2246467620799123e-16, 0.0], [0.9999999999999993, -3.42285420007471e-08, 2.220446155002968e-16, 0.0], [-2.220446113085094e-16, 1.224646838082546e-16, 1.0, 0.0], [0.0, 0.0, 5.0, 1.0]]}, "/OmniverseKit_Right": {"name": "OmniverseKit_Right", "path": "/OmniverseKit_Right", "jpg_path": "C:\\VScode\\Yoshida_script\\teacher_data\\20260701_061524_3dd56b17\\images\\061656_scripu4g_close_test_2_OmniverseKit_Right.jpg", "width": 640, "height": 480, "world_matrix": [[1.0, -2.2204460872516273e-16, -3.8001315921616716e-24, 0.0], [-3.8001315921616716e-24, -3.422854177870249e-08, 0.9999999999999993, 0.0], [-2.2204460872516273e-16, -0.9999999999999993, -3.422854177870249e-08, 0.0], [0.0, -5.0, 0.0, 1.0]]}}}
{"run_id": "20260701_061524_3dd56b17", "step_id": "061711_scripu4g_close_test_3", "timestamp": 1782886631.8469563, "script_name": "scripu4g", "phase": "close_test_3", "instruction": "grasp the cube with ShadowHand and lift it", "note": "progressive close + 2mm test lift", "state": {"hand_path": "/World/shadow_hand", "cube_path": "/World/Cube", "hand_translate": [-0.27221047093028317, 0.0326124528172253, 0.17027827214581287], "cube_translate": [0.07413812726736069, 0.017313512042164803, 0.0403837226331234], "cube_scale": [0.05000000074505806, 0.10000000149011612, 0.05000000074505806], "cube_usd_size": 1.0, "cube_height": 0.05000000074505806, "table_z": 0.01525612361729145, "cube_world_bottom_z": 0.015383722260594368, "cube_bottom_above_table": 0.00012759864330291748, "current_joint_targets": {"FFJ3": 17.0, "FFJ2": 29.0, "FFJ1": 14.0, "MFJ3": 19.0, "MFJ2": 33.0, "MFJ1": 18.0, "RFJ3": 17.0, "RFJ2": 29.0, "RFJ1": 14.0, "LFJ4": 4.0, "LFJ3": 17.0, "LFJ2": 29.0, "LFJ1": 14.0, "THJ4": 32.0, "THJ3": 39.0, "THJ2": 37.0, "THJ1": 25.0}, "action_joints": ["FFJ3", "FFJ2", "FFJ1", "MFJ3", "MFJ2", "MFJ1", "RFJ3", "RFJ2", "RFJ1", "LFJ4", "LFJ3", "LFJ2", "LFJ1", "THJ4", "THJ3", "THJ2", "THJ1"]}, "action": {"type": "adaptive_close_test", "iter": 3, "grip": {"FFJ3": 17, "FFJ2": 29, "FFJ1": 14, "MFJ3": 19, "MFJ2": 33, "MFJ1": 18, "RFJ3": 17, "RFJ2": 29, "RFJ1": 14, "LFJ4": 4, "LFJ3": 17, "LFJ2": 29, "LFJ1": 14, "THJ4": 32, "THJ3": 39, "THJ2": 37, "THJ1": 25}, "cube_rise": 6.5229833126068115e-06, "follow_ratio": 0.0032614916563034058, "lateral": 0.003332096075527197}, "success": null, "images": {"/World/shadow_hand/robot0_forearm/Camera_wrist": {"name": "Camera_wrist", "path": "/World/shadow_hand/robot0_forearm/Camera_wrist", "jpg_path": "C:\\VScode\\Yoshida_script\\teacher_data\\20260701_061524_3dd56b17\\images\\061711_scripu4g_close_test_3_World_shadow_hand_robot0_forearm_Camera_wrist.jpg", "width": 640, "height": 480, "world_matrix": [[0.012776860345676287, -0.09859294828453948, 0.010778778928960214, 0.0], [-0.003425750485918583, 0.010422662679111053, 0.09939634151466441, 0.0], [-0.09912121739857879, -0.01306898545640647, -0.002045855663483507, 0.0], [-0.1711766356110077, -0.029677599489466702, 0.08178881117116568, 1.0]]}, "/World/Camera_front": {"name": "Camera_front", "path": "/World/Camera_front", "jpg_path": "C:\\VScode\\Yoshida_script\\teacher_data\\20260701_061524_3dd56b17\\images\\061711_scripu4g_close_test_3_World_Camera_front.jpg", "width": 640, "height": 480, "world_matrix": [[0.5531734228741061, -0.8061801172643458, -0.2099351870301667, 0.0], [0.4700696038414246, 0.09401014464592727, 0.8776084891613218, 0.0], [-0.6877744774052841, -0.5841538420923871, 0.4309646818459617, 0.0], [-0.4385506212711334, -0.4639706611633301, 0.4342247247695923, 1.0]]}, "/World/Camera_top": {"name": "Camera_top", "path": "/World/Camera_top", "jpg_path": "C:\\VScode\\Yoshida_script\\teacher_data\\20260701_061524_3dd56b17\\images\\061711_scripu4g_close_test_3_World_Camera_top.jpg", "width": 640, "height": 480, "world_matrix": [[0.29812184758817784, -0.006294424000651742, -0.032920379245519174, 0.0], [0.019915700391513205, 0.2702691969323894, 0.1286776329437028, 0.0], [0.026958041862944558, -0.13005748178624268, 0.2689950233050686, 0.0], [0.12636259198188782, -0.12677189707756042, 0.4252224564552307, 1.0]]}, "/World/Camera_side": {"name": "Camera_side", "path": "/World/Camera_side", "jpg_path": "C:\\VScode\\Yoshida_script\\teacher_data\\20260701_061524_3dd56b17\\images\\061711_scripu4g_close_test_3_World_Camera_side.jpg", "width": 640, "height": 480, "world_matrix": [[-0.28982646013238916, -0.043279893159753904, 0.06424547460923952, 0.0], [0.060115902391122765, 0.03125009568959167, 0.2922490666394845, 0.0], [-0.0488539500899073, 0.2952122787419743, -0.02151764841104145, 0.0], [0.011841279454529285, 0.42371687293052673, 0.03717460483312607, 1.0]]}, "/OmniverseKit_Persp": {"name": "OmniverseKit_Persp", "path": "/OmniverseKit_Persp", "jpg_path": "C:\\VScode\\Yoshida_script\\teacher_data\\20260701_061524_3dd56b17\\images\\061711_scripu4g_close_test_3_OmniverseKit_Persp.jpg", "width": 640, "height": 480, "world_matrix": [[-0.7375939598172807, 0.6752445115964008, -4.5397828052351485e-08, 0.0], [-0.15638799738208986, -0.17082819054796938, 0.9728106308983913, 0.0], [0.6568850315815419, 0.7175392524963669, 0.2316019784265061, 0.0], [1.5347005128860474, 1.63753080368042, 0.600679874420166, 1.0]]}, "/OmniverseKit_Front": {"name": "OmniverseKit_Front", "path": "/OmniverseKit_Front", "jpg_path": "C:\\VScode\\Yoshida_script\\teacher_data\\20260701_061524_3dd56b17\\images\\061711_scripu4g_close_test_3_OmniverseKit_Front.jpg", "width": 640, "height": 480, "world_matrix": [[-4.440892098500626e-16, 1.0000000000000002, 2.220446049250313e-16, 0.0], [2.220446049250313e-16, -4.440892098500626e-16, 1.0000000000000002, 0.0], [1.0000000000000002, 2.220446049250313e-16, -4.440892098500626e-16, 0.0], [5.0, 0.0, 0.0, 1.0]]}, "/OmniverseKit_Top": {"name": "OmniverseKit_Top", "path": "/OmniverseKit_Top", "jpg_path": "C:\\VScode\\Yoshida_script\\teacher_data\\20260701_061524_3dd56b17\\images\\061711_scripu4g_close_test_3_OmniverseKit_Top.jpg", "width": 640, "height": 480, "world_matrix": [[-3.42285420007471e-08, -0.9999999999999993, 1.2246467620799123e-16, 0.0], [0.9999999999999993, -3.42285420007471e-08, 2.220446155002968e-16, 0.0], [-2.220446113085094e-16, 1.224646838082546e-16, 1.0, 0.0], [0.0, 0.0, 5.0, 1.0]]}, "/OmniverseKit_Right": {"name": "OmniverseKit_Right", "path": "/OmniverseKit_Right", "jpg_path": "C:\\VScode\\Yoshida_script\\teacher_data\\20260701_061524_3dd56b17\\images\\061711_scripu4g_close_test_3_OmniverseKit_Right.jpg", "width": 640, "height": 480, "world_matrix": [[1.0, -2.2204460872516273e-16, -3.8001315921616716e-24, 0.0], [-3.8001315921616716e-24, -3.422854177870249e-08, 0.9999999999999993, 0.0], [-2.2204460872516273e-16, -0.9999999999999993, -3.422854177870249e-08, 0.0], [0.0, -5.0, 0.0, 1.0]]}}}
{"run_id": "20260701_061524_3dd56b17", "step_id": "061727_scripu4g_close_test_4", "timestamp": 1782886647.0060794, "script_name": "scripu4g", "phase": "close_test_4", "instruction": "grasp the cube with ShadowHand and lift it", "note": "progressive close + 2mm test lift", "state": {"hand_path": "/World/shadow_hand", "cube_path": "/World/Cube", "hand_translate": [-0.27221047093028317, 0.0326124528172253, 0.17027827214581287], "cube_translate": [0.07434557378292084, 0.014952823519706726, 0.040360648185014725], "cube_scale": [0.05000000074505806, 0.10000000149011612, 0.05000000074505806], "cube_usd_size": 1.0, "cube_height": 0.05000000074505806, "table_z": 0.01525612361729145, "cube_world_bottom_z": 0.015360647812485695, "cube_bottom_above_table": 0.00010452419519424438, "current_joint_targets": {"FFJ3": 20.0, "FFJ2": 34.0, "FFJ1": 16.0, "MFJ3": 20.0, "MFJ2": 38.0, "MFJ1": 20.0, "RFJ3": 20.0, "RFJ2": 34.0, "RFJ1": 16.0, "LFJ4": 4.0, "LFJ3": 20.0, "LFJ2": 34.0, "LFJ1": 16.0, "THJ4": 36.0, "THJ3": 44.0, "THJ2": 42.0, "THJ1": 28.0}, "action_joints": ["FFJ3", "FFJ2", "FFJ1", "MFJ3", "MFJ2", "MFJ1", "RFJ3", "RFJ2", "RFJ1", "LFJ4", "LFJ3", "LFJ2", "LFJ1", "THJ4", "THJ3", "THJ2", "THJ1"]}, "action": {"type": "adaptive_close_test", "iter": 4, "grip": {"FFJ3": 20, "FFJ2": 34, "FFJ1": 16, "MFJ3": 20, "MFJ2": 38, "MFJ1": 20, "RFJ3": 20, "RFJ2": 34, "RFJ1": 16, "LFJ4": 4, "LFJ3": 20, "LFJ2": 34, "LFJ1": 16, "THJ4": 36, "THJ3": 44, "THJ2": 42, "THJ1": 28}, "cube_rise": 1.780688762664795e-05, "follow_ratio": 0.008903443813323975, "lateral": 0.005305383339634425}, "success": null, "images": {"/World/shadow_hand/robot0_forearm/Camera_wrist": {"name": "Camera_wrist", "path": "/World/shadow_hand/robot0_forearm/Camera_wrist", "jpg_path": "C:\\VScode\\Yoshida_script\\teacher_data\\20260701_061524_3dd56b17\\images\\061727_scripu4g_close_test_4_World_shadow_hand_robot0_forearm_Camera_wrist.jpg", "width": 640, "height": 480, "world_matrix": [[0.012776860345676287, -0.09859294828453948, 0.010778778928960214, 0.0], [-0.003425750485918583, 0.010422662679111053, 0.09939634151466441, 0.0], [-0.09912121739857879, -0.01306898545640647, -0.002045855663483507, 0.0], [-0.1711766356110077, -0.029677599489466702, 0.08178881117116568, 1.0]]}, "/World/Camera_front": {"name": "Camera_front", "path": "/World/Camera_front", "jpg_path": "C:\\VScode\\Yoshida_script\\teacher_data\\20260701_061524_3dd56b17\\images\\061727_scripu4g_close_test_4_World_Camera_front.jpg", "width": 640, "height": 480, "world_matrix": [[0.5531734228741061, -0.8061801172643458, -0.2099351870301667, 0.0], [0.4700696038414246, 0.09401014464592727, 0.8776084891613218, 0.0], [-0.6877744774052841, -0.5841538420923871, 0.4309646818459617, 0.0], [-0.4385506212711334, -0.4639706611633301, 0.4342247247695923, 1.0]]}, "/World/Camera_top": {"name": "Camera_top", "path": "/World/Camera_top", "jpg_path": "C:\\VScode\\Yoshida_script\\teacher_data\\20260701_061524_3dd56b17\\images\\061727_scripu4g_close_test_4_World_Camera_top.jpg", "width": 640, "height": 480, "world_matrix": [[0.29812184758817784, -0.006294424000651742, -0.032920379245519174, 0.0], [0.019915700391513205, 0.2702691969323894, 0.1286776329437028, 0.0], [0.026958041862944558, -0.13005748178624268, 0.2689950233050686, 0.0], [0.12636259198188782, -0.12677189707756042, 0.4252224564552307, 1.0]]}, "/World/Camera_side": {"name": "Camera_side", "path": "/World/Camera_side", "jpg_path": "C:\\VScode\\Yoshida_script\\teacher_data\\20260701_061524_3dd56b17\\images\\061727_scripu4g_close_test_4_World_Camera_side.jpg", "width": 640, "height": 480, "world_matrix": [[-0.28982646013238916, -0.043279893159753904, 0.06424547460923952, 0.0], [0.060115902391122765, 0.03125009568959167, 0.2922490666394845, 0.0], [-0.0488539500899073, 0.2952122787419743, -0.02151764841104145, 0.0], [0.011841279454529285, 0.42371687293052673, 0.03717460483312607, 1.0]]}, "/OmniverseKit_Persp": {"name": "OmniverseKit_Persp", "path": "/OmniverseKit_Persp", "jpg_path": "C:\\VScode\\Yoshida_script\\teacher_data\\20260701_061524_3dd56b17\\images\\061727_scripu4g_close_test_4_OmniverseKit_Persp.jpg", "width": 640, "height": 480, "world_matrix": [[-0.7375939598172807, 0.6752445115964008, -4.5397828052351485e-08, 0.0], [-0.15638799738208986, -0.17082819054796938, 0.9728106308983913, 0.0], [0.6568850315815419, 0.7175392524963669, 0.2316019784265061, 0.0], [1.5347005128860474, 1.63753080368042, 0.600679874420166, 1.0]]}, "/OmniverseKit_Front": {"name": "OmniverseKit_Front", "path": "/OmniverseKit_Front", "jpg_path": "C:\\VScode\\Yoshida_script\\teacher_data\\20260701_061524_3dd56b17\\images\\061727_scripu4g_close_test_4_OmniverseKit_Front.jpg", "width": 640, "height": 480, "world_matrix": [[-4.440892098500626e-16, 1.0000000000000002, 2.220446049250313e-16, 0.0], [2.220446049250313e-16, -4.440892098500626e-16, 1.0000000000000002, 0.0], [1.0000000000000002, 2.220446049250313e-16, -4.440892098500626e-16, 0.0], [5.0, 0.0, 0.0, 1.0]]}, "/OmniverseKit_Top": {"name": "OmniverseKit_Top", "path": "/OmniverseKit_Top", "jpg_path": "C:\\VScode\\Yoshida_script\\teacher_data\\20260701_061524_3dd56b17\\images\\061727_scripu4g_close_test_4_OmniverseKit_Top.jpg", "width": 640, "height": 480, "world_matrix": [[-3.42285420007471e-08, -0.9999999999999993, 1.2246467620799123e-16, 0.0], [0.9999999999999993, -3.42285420007471e-08, 2.220446155002968e-16, 0.0], [-2.220446113085094e-16, 1.224646838082546e-16, 1.0, 0.0], [0.0, 0.0, 5.0, 1.0]]}, "/OmniverseKit_Right": {"name": "OmniverseKit_Right", "path": "/OmniverseKit_Right", "jpg_path": "C:\\VScode\\Yoshida_script\\teacher_data\\20260701_061524_3dd56b17\\images\\061727_scripu4g_close_test_4_OmniverseKit_Right.jpg", "width": 640, "height": 480, "world_matrix": [[1.0, -2.2204460872516273e-16, -3.8001315921616716e-24, 0.0], [-3.8001315921616716e-24, -3.422854177870249e-08, 0.9999999999999993, 0.0], [-2.2204460872516273e-16, -0.9999999999999993, -3.422854177870249e-08, 0.0], [0.0, -5.0, 0.0, 1.0]]}}}
