{"run_id": "20260701_074001_5b39ccb8", "step_id": "074002_scripu2_common_setup_loaded", "timestamp": 1782891602.3806796, "script_name": "scripu2", "phase": "common_setup_loaded", "instruction": "grasp the cube with ShadowHand and lift it", "note": "saved initial state restored and cameras initialized", "state": {"hand_path": "/World/shadow_hand", "cube_path": "/World/Cube", "hand_translate": [-0.2822104709302832, 0.0326124528172253, 0.18027827214581288], "cube_translate": [0.07455328851938248, 0.02136417292058468, 0.04025612398982048], "cube_scale": [0.05000000074505806, 0.10000000149011612, 0.05000000074505806], "cube_usd_size": 1.0, "cube_height": 0.05000000074505806, "table_z": 0.01525612361729145, "cube_world_bottom_z": 0.01525612361729145, "cube_bottom_above_table": 0.0, "current_joint_targets": {}, "action_joints": ["FFJ3", "FFJ2", "FFJ1", "MFJ3", "MFJ2", "MFJ1", "RFJ3", "RFJ2", "RFJ1", "LFJ4", "LFJ3", "LFJ2", "LFJ1", "THJ4", "THJ3", "THJ2", "THJ1"]}, "action": {"type": "setup"}, "success": null, "images": {"/World/shadow_hand/robot0_forearm/Camera_wrist": {"name": "Camera_wrist", "path": "/World/shadow_hand/robot0_forearm/Camera_wrist", "jpg_path": "C:\\VScode\\Yoshida_script\\teacher_data\\20260701_074001_5b39ccb8\\images\\074002_scripu2_common_setup_loaded_World_shadow_hand_robot0_forearm_Camera_wrist.jpg", "width": 640, "height": 480, "world_matrix": [[0.012776860345676287, -0.09859294828453948, 0.010778778928960214, 0.0], [-0.003425750485918583, 0.010422662679111053, 0.09939634151466441, 0.0], [-0.09912121739857879, -0.01306898545640647, -0.002045855663483507, 0.0], [-0.1811766292924013, -0.02967759851761769, 0.09178882440234108, 1.0]]}, "/World/Camera_front": {"name": "Camera_front", "path": "/World/Camera_front", "jpg_path": "C:\\VScode\\Yoshida_script\\teacher_data\\20260701_074001_5b39ccb8\\images\\074002_scripu2_common_setup_loaded_World_Camera_front.jpg", "width": 640, "height": 480, "world_matrix": [[0.5531734228741061, -0.8061801172643458, -0.2099351870301667, 0.0], [0.4700696038414246, 0.09401014464592727, 0.8776084891613218, 0.0], [-0.6877744774052841, -0.5841538420923871, 0.4309646818459617, 0.0], [-0.4385506212711334, -0.4639706611633301, 0.4342247247695923, 1.0]]}, "/World/Camera_top": {"name": "Camera_top", "path": "/World/Camera_top", "jpg_path": "C:\\VScode\\Yoshida_script\\teacher_data\\20260701_074001_5b39ccb8\\images\\074002_scripu2_common_setup_loaded_World_Camera_top.jpg", "width": 640, "height": 480, "world_matrix": [[0.29812184758817784, -0.006294424000651742, -0.032920379245519174, 0.0], [0.019915700391513205, 0.2702691969323894, 0.1286776329437028, 0.0], [0.026958041862944558, -0.13005748178624268, 0.2689950233050686, 0.0], [0.12636259198188782, -0.12677189707756042, 0.4252224564552307, 1.0]]}, "/World/Camera_side": {"name": "Camera_side", "path": "/World/Camera_side", "jpg_path": "C:\\VScode\\Yoshida_script\\teacher_data\\20260701_074001_5b39ccb8\\images\\074002_scripu2_common_setup_loaded_World_Camera_side.jpg", "width": 640, "height": 480, "world_matrix": [[-0.28982646013238916, -0.043279893159753904, 0.06424547460923952, 0.0], [0.060115902391122765, 0.03125009568959167, 0.2922490666394845, 0.0], [-0.0488539500899073, 0.2952122787419743, -0.02151764841104145, 0.0], [0.011841279454529285, 0.42371687293052673, 0.03717460483312607, 1.0]]}, "/OmniverseKit_Persp": {"name": "OmniverseKit_Persp", "path": "/OmniverseKit_Persp", "jpg_path": "C:\\VScode\\Yoshida_script\\teacher_data\\20260701_074001_5b39ccb8\\images\\074002_scripu2_common_setup_loaded_OmniverseKit_Persp.jpg", "width": 640, "height": 480, "world_matrix": [[-0.7375939598172807, 0.6752445115964008, -4.5397828052351485e-08, 0.0], [-0.15638799738208986, -0.17082819054796938, 0.9728106308983913, 0.0], [0.6568850315815419, 0.7175392524963669, 0.2316019784265061, 0.0], [1.5347005128860474, 1.63753080368042, 0.600679874420166, 1.0]]}, "/OmniverseKit_Front": {"name": "OmniverseKit_Front", "path": "/OmniverseKit_Front", "jpg_path": "C:\\VScode\\Yoshida_script\\teacher_data\\20260701_074001_5b39ccb8\\images\\074002_scripu2_common_setup_loaded_OmniverseKit_Front.jpg", "width": 640, "height": 480, "world_matrix": [[-4.440892098500626e-16, 1.0000000000000002, 2.220446049250313e-16, 0.0], [2.220446049250313e-16, -4.440892098500626e-16, 1.0000000000000002, 0.0], [1.0000000000000002, 2.220446049250313e-16, -4.440892098500626e-16, 0.0], [5.0, 0.0, 0.0, 1.0]]}, "/OmniverseKit_Top": {"name": "OmniverseKit_Top", "path": "/OmniverseKit_Top", "jpg_path": "C:\\VScode\\Yoshida_script\\teacher_data\\20260701_074001_5b39ccb8\\images\\074002_scripu2_common_setup_loaded_OmniverseKit_Top.jpg", "width": 640, "height": 480, "world_matrix": [[-3.42285420007471e-08, -0.9999999999999993, 1.2246467620799123e-16, 0.0], [0.9999999999999993, -3.42285420007471e-08, 2.220446155002968e-16, 0.0], [-2.220446113085094e-16, 1.224646838082546e-16, 1.0, 0.0], [0.0, 0.0, 5.0, 1.0]]}, "/OmniverseKit_Right": {"name": "OmniverseKit_Right", "path": "/OmniverseKit_Right", "jpg_path": "C:\\VScode\\Yoshida_script\\teacher_data\\20260701_074001_5b39ccb8\\images\\074002_scripu2_common_setup_loaded_OmniverseKit_Right.jpg", "width": 640, "height": 480, "world_matrix": [[1.0, -2.2204460872516273e-16, -3.8001315921616716e-24, 0.0], [-3.8001315921616716e-24, -3.422854177870249e-08, 0.9999999999999993, 0.0], [-2.2204460872516273e-16, -0.9999999999999993, -3.422854177870249e-08, 0.0], [0.0, -5.0, 0.0, 1.0]]}}}
{"run_id": "20260701_074001_5b39ccb8", "step_id": "074015_scripu4h_before_approach", "timestamp": 1782891615.4522705, "script_name": "scripu4h", "phase": "before_approach", "instruction": "grasp the cube with ShadowHand and lift it", "note": "baked good approach start", "state": {"hand_path": "/World/shadow_hand", "cube_path": "/World/Cube", "hand_translate": [-0.2822104709302832, 0.0326124528172253, 0.18027827214581288], "cube_translate": [0.07455328851938248, 0.02136417292058468, 0.04025612398982048], "cube_scale": [0.05000000074505806, 0.10000000149011612, 0.05000000074505806], "cube_usd_size": 1.0, "cube_height": 0.05000000074505806, "table_z": 0.01525612361729145, "cube_world_bottom_z": 0.01525612361729145, "cube_bottom_above_table": 0.0, "current_joint_targets": {}, "action_joints": ["FFJ3", "FFJ2", "FFJ1", "MFJ3", "MFJ2", "MFJ1", "RFJ3", "RFJ2", "RFJ1", "LFJ4", "LFJ3", "LFJ2", "LFJ1", "THJ4", "THJ3", "THJ2", "THJ1"]}, "action": {"type": "start_approach", "target_pos": [-0.3572104709302832, 0.0326124528172253, 0.13027827214581286]}, "success": null, "images": {"/World/shadow_hand/robot0_forearm/Camera_wrist": {"name": "Camera_wrist", "path": "/World/shadow_hand/robot0_forearm/Camera_wrist", "jpg_path": "C:\\VScode\\Yoshida_script\\teacher_data\\20260701_074001_5b39ccb8\\images\\074015_scripu4h_before_approach_World_shadow_hand_robot0_forearm_Camera_wrist.jpg", "width": 640, "height": 480, "world_matrix": [[0.012776860345676287, -0.09859294828453948, 0.010778778928960214, 0.0], [-0.003425750485918583, 0.010422662679111053, 0.09939634151466441, 0.0], [-0.09912121739857879, -0.01306898545640647, -0.002045855663483507, 0.0], [-0.1811766292924013, -0.02967759851761769, 0.09178882440234108, 1.0]]}, "/World/Camera_front": {"name": "Camera_front", "path": "/World/Camera_front", "jpg_path": "C:\\VScode\\Yoshida_script\\teacher_data\\20260701_074001_5b39ccb8\\images\\074015_scripu4h_before_approach_World_Camera_front.jpg", "width": 640, "height": 480, "world_matrix": [[0.5531734228741061, -0.8061801172643458, -0.2099351870301667, 0.0], [0.4700696038414246, 0.09401014464592727, 0.8776084891613218, 0.0], [-0.6877744774052841, -0.5841538420923871, 0.4309646818459617, 0.0], [-0.4385506212711334, -0.4639706611633301, 0.4342247247695923, 1.0]]}, "/World/Camera_top": {"name": "Camera_top", "path": "/World/Camera_top", "jpg_path": "C:\\VScode\\Yoshida_script\\teacher_data\\20260701_074001_5b39ccb8\\images\\074015_scripu4h_before_approach_World_Camera_top.jpg", "width": 640, "height": 480, "world_matrix": [[0.29812184758817784, -0.006294424000651742, -0.032920379245519174, 0.0], [0.019915700391513205, 0.2702691969323894, 0.1286776329437028, 0.0], [0.026958041862944558, -0.13005748178624268, 0.2689950233050686, 0.0], [0.12636259198188782, -0.12677189707756042, 0.4252224564552307, 1.0]]}, "/World/Camera_side": {"name": "Camera_side", "path": "/World/Camera_side", "jpg_path": "C:\\VScode\\Yoshida_script\\teacher_data\\20260701_074001_5b39ccb8\\images\\074015_scripu4h_before_approach_World_Camera_side.jpg", "width": 640, "height": 480, "world_matrix": [[-0.28982646013238916, -0.043279893159753904, 0.06424547460923952, 0.0], [0.060115902391122765, 0.03125009568959167, 0.2922490666394845, 0.0], [-0.0488539500899073, 0.2952122787419743, -0.02151764841104145, 0.0], [0.011841279454529285, 0.42371687293052673, 0.03717460483312607, 1.0]]}, "/OmniverseKit_Persp": {"name": "OmniverseKit_Persp", "path": "/OmniverseKit_Persp", "jpg_path": "C:\\VScode\\Yoshida_script\\teacher_data\\20260701_074001_5b39ccb8\\images\\074015_scripu4h_before_approach_OmniverseKit_Persp.jpg", "width": 640, "height": 480, "world_matrix": [[-0.7375939598172807, 0.6752445115964008, -4.5397828052351485e-08, 0.0], [-0.15638799738208986, -0.17082819054796938, 0.9728106308983913, 0.0], [0.6568850315815419, 0.7175392524963669, 0.2316019784265061, 0.0], [1.5347005128860474, 1.63753080368042, 0.600679874420166, 1.0]]}, "/OmniverseKit_Front": {"name": "OmniverseKit_Front", "path": "/OmniverseKit_Front", "jpg_path": "C:\\VScode\\Yoshida_script\\teacher_data\\20260701_074001_5b39ccb8\\images\\074015_scripu4h_before_approach_OmniverseKit_Front.jpg", "width": 640, "height": 480, "world_matrix": [[-4.440892098500626e-16, 1.0000000000000002, 2.220446049250313e-16, 0.0], [2.220446049250313e-16, -4.440892098500626e-16, 1.0000000000000002, 0.0], [1.0000000000000002, 2.220446049250313e-16, -4.440892098500626e-16, 0.0], [5.0, 0.0, 0.0, 1.0]]}, "/OmniverseKit_Top": {"name": "OmniverseKit_Top", "path": "/OmniverseKit_Top", "jpg_path": "C:\\VScode\\Yoshida_script\\teacher_data\\20260701_074001_5b39ccb8\\images\\074015_scripu4h_before_approach_OmniverseKit_Top.jpg", "width": 640, "height": 480, "world_matrix": [[-3.42285420007471e-08, -0.9999999999999993, 1.2246467620799123e-16, 0.0], [0.9999999999999993, -3.42285420007471e-08, 2.220446155002968e-16, 0.0], [-2.220446113085094e-16, 1.224646838082546e-16, 1.0, 0.0], [0.0, 0.0, 5.0, 1.0]]}, "/OmniverseKit_Right": {"name": "OmniverseKit_Right", "path": "/OmniverseKit_Right", "jpg_path": "C:\\VScode\\Yoshida_script\\teacher_data\\20260701_074001_5b39ccb8\\images\\074015_scripu4h_before_approach_OmniverseKit_Right.jpg", "width": 640, "height": 480, "world_matrix": [[1.0, -2.2204460872516273e-16, -3.8001315921616716e-24, 0.0], [-3.8001315921616716e-24, -3.422854177870249e-08, 0.9999999999999993, 0.0], [-2.2204460872516273e-16, -0.9999999999999993, -3.422854177870249e-08, 0.0], [0.0, -5.0, 0.0, 1.0]]}}}
{"run_id": "20260701_074001_5b39ccb8", "step_id": "074024_scripu4h_after_approach", "timestamp": 1782891624.0423248, "script_name": "scripu4h", "phase": "after_approach", "instruction": "grasp the cube with ShadowHand and lift it", "note": "baked good approach done", "state": {"hand_path": "/World/shadow_hand", "cube_path": "/World/Cube", "hand_translate": [-0.3572104709302832, 0.0326124528172253, 0.13027827214581286], "cube_translate": [0.07455328851938248, 0.02136417292058468, 0.04025612398982048], "cube_scale": [0.05000000074505806, 0.10000000149011612, 0.05000000074505806], "cube_usd_size": 1.0, "cube_height": 0.05000000074505806, "table_z": 0.01525612361729145, "cube_world_bottom_z": 0.01525612361729145, "cube_bottom_above_table": 0.0, "current_joint_targets": {}, "action_joints": ["FFJ3", "FFJ2", "FFJ1", "MFJ3", "MFJ2", "MFJ1", "RFJ3", "RFJ2", "RFJ1", "LFJ4", "LFJ3", "LFJ2", "LFJ1", "THJ4", "THJ3", "THJ2", "THJ1"]}, "action": {"type": "hand_pose_target", "target_pos": [-0.3572104709302832, 0.0326124528172253, 0.13027827214581286]}, "success": null, "images": {"/World/shadow_hand/robot0_forearm/Camera_wrist": {"name": "Camera_wrist", "path": "/World/shadow_hand/robot0_forearm/Camera_wrist", "jpg_path": "C:\\VScode\\Yoshida_script\\teacher_data\\20260701_074001_5b39ccb8\\images\\074024_scripu4h_after_approach_World_shadow_hand_robot0_forearm_Camera_wrist.jpg", "width": 640, "height": 480, "world_matrix": [[0.012776860345676287, -0.09859294828453948, 0.010778778928960214, 0.0], [-0.003425750485918583, 0.010422662679111053, 0.09939634151466441, 0.0], [-0.09912121739857879, -0.01306898545640647, -0.002045855663483507, 0.0], [-0.2561766292924013, -0.02967759851761769, 0.041788824402341065, 1.0]]}, "/World/Camera_front": {"name": "Camera_front", "path": "/World/Camera_front", "jpg_path": "C:\\VScode\\Yoshida_script\\teacher_data\\20260701_074001_5b39ccb8\\images\\074024_scripu4h_after_approach_World_Camera_front.jpg", "width": 640, "height": 480, "world_matrix": [[0.5531734228741061, -0.8061801172643458, -0.2099351870301667, 0.0], [0.4700696038414246, 0.09401014464592727, 0.8776084891613218, 0.0], [-0.6877744774052841, -0.5841538420923871, 0.4309646818459617, 0.0], [-0.4385506212711334, -0.4639706611633301, 0.4342247247695923, 1.0]]}, "/World/Camera_top": {"name": "Camera_top", "path": "/World/Camera_top", "jpg_path": "C:\\VScode\\Yoshida_script\\teacher_data\\20260701_074001_5b39ccb8\\images\\074024_scripu4h_after_approach_World_Camera_top.jpg", "width": 640, "height": 480, "world_matrix": [[0.29812184758817784, -0.006294424000651742, -0.032920379245519174, 0.0], [0.019915700391513205, 0.2702691969323894, 0.1286776329437028, 0.0], [0.026958041862944558, -0.13005748178624268, 0.2689950233050686, 0.0], [0.12636259198188782, -0.12677189707756042, 0.4252224564552307, 1.0]]}, "/World/Camera_side": {"name": "Camera_side", "path": "/World/Camera_side", "jpg_path": "C:\\VScode\\Yoshida_script\\teacher_data\\20260701_074001_5b39ccb8\\images\\074024_scripu4h_after_approach_World_Camera_side.jpg", "width": 640, "height": 480, "world_matrix": [[-0.28982646013238916, -0.043279893159753904, 0.06424547460923952, 0.0], [0.060115902391122765, 0.03125009568959167, 0.2922490666394845, 0.0], [-0.0488539500899073, 0.2952122787419743, -0.02151764841104145, 0.0], [0.011841279454529285, 0.42371687293052673, 0.03717460483312607, 1.0]]}, "/OmniverseKit_Persp": {"name": "OmniverseKit_Persp", "path": "/OmniverseKit_Persp", "jpg_path": "C:\\VScode\\Yoshida_script\\teacher_data\\20260701_074001_5b39ccb8\\images\\074024_scripu4h_after_approach_OmniverseKit_Persp.jpg", "width": 640, "height": 480, "world_matrix": [[-0.7375939598172807, 0.6752445115964008, -4.5397828052351485e-08, 0.0], [-0.15638799738208986, -0.17082819054796938, 0.9728106308983913, 0.0], [0.6568850315815419, 0.7175392524963669, 0.2316019784265061, 0.0], [1.5347005128860474, 1.63753080368042, 0.600679874420166, 1.0]]}, "/OmniverseKit_Front": {"name": "OmniverseKit_Front", "path": "/OmniverseKit_Front", "jpg_path": "C:\\VScode\\Yoshida_script\\teacher_data\\20260701_074001_5b39ccb8\\images\\074024_scripu4h_after_approach_OmniverseKit_Front.jpg", "width": 640, "height": 480, "world_matrix": [[-4.440892098500626e-16, 1.0000000000000002, 2.220446049250313e-16, 0.0], [2.220446049250313e-16, -4.440892098500626e-16, 1.0000000000000002, 0.0], [1.0000000000000002, 2.220446049250313e-16, -4.440892098500626e-16, 0.0], [5.0, 0.0, 0.0, 1.0]]}, "/OmniverseKit_Top": {"name": "OmniverseKit_Top", "path": "/OmniverseKit_Top", "jpg_path": "C:\\VScode\\Yoshida_script\\teacher_data\\20260701_074001_5b39ccb8\\images\\074024_scripu4h_after_approach_OmniverseKit_Top.jpg", "width": 640, "height": 480, "world_matrix": [[-3.42285420007471e-08, -0.9999999999999993, 1.2246467620799123e-16, 0.0], [0.9999999999999993, -3.42285420007471e-08, 2.220446155002968e-16, 0.0], [-2.220446113085094e-16, 1.224646838082546e-16, 1.0, 0.0], [0.0, 0.0, 5.0, 1.0]]}, "/OmniverseKit_Right": {"name": "OmniverseKit_Right", "path": "/OmniverseKit_Right", "jpg_path": "C:\\VScode\\Yoshida_script\\teacher_data\\20260701_074001_5b39ccb8\\images\\074024_scripu4h_after_approach_OmniverseKit_Right.jpg", "width": 640, "height": 480, "world_matrix": [[1.0, -2.2204460872516273e-16, -3.8001315921616716e-24, 0.0], [-3.8001315921616716e-24, -3.422854177870249e-08, 0.9999999999999993, 0.0], [-2.2204460872516273e-16, -0.9999999999999993, -3.422854177870249e-08, 0.0], [0.0, -5.0, 0.0, 1.0]]}}}
{"run_id": "20260701_074001_5b39ccb8", "step_id": "074034_scripu4g_before_adaptive_grasp", "timestamp": 1782891634.9509022, "script_name": "scripu4g", "phase": "before_adaptive_grasp", "instruction": "grasp the cube with ShadowHand and lift it", "note": "before adaptive close+test-lift grasp", "state": {"hand_path": "/World/shadow_hand", "cube_path": "/World/Cube", "hand_translate": [-0.3572104709302832, 0.0326124528172253, 0.13027827214581286], "cube_translate": [0.07455328851938248, 0.02136417292058468, 0.04025612398982048], "cube_scale": [0.05000000074505806, 0.10000000149011612, 0.05000000074505806], "cube_usd_size": 1.0, "cube_height": 0.05000000074505806, "table_z": 0.01525612361729145, "cube_world_bottom_z": 0.01525612361729145, "cube_bottom_above_table": 0.0, "current_joint_targets": {}, "action_joints": ["FFJ3", "FFJ2", "FFJ1", "MFJ3", "MFJ2", "MFJ1", "RFJ3", "RFJ2", "RFJ1", "LFJ4", "LFJ3", "LFJ2", "LFJ1", "THJ4", "THJ3", "THJ2", "THJ1"]}, "action": {"type": "before_adaptive_grasp"}, "success": null, "images": {"/World/shadow_hand/robot0_forearm/Camera_wrist": {"name": "Camera_wrist", "path": "/World/shadow_hand/robot0_forearm/Camera_wrist", "jpg_path": "C:\\VScode\\Yoshida_script\\teacher_data\\20260701_074001_5b39ccb8\\images\\074034_scripu4g_before_adaptive_grasp_World_shadow_hand_robot0_forearm_Camera_wrist.jpg", "width": 640, "height": 480, "world_matrix": [[0.012776860345676287, -0.09859294828453948, 0.010778778928960214, 0.0], [-0.003425750485918583, 0.010422662679111053, 0.09939634151466441, 0.0], [-0.09912121739857879, -0.01306898545640647, -0.002045855663483507, 0.0], [-0.2561766292924013, -0.02967759851761769, 0.041788824402341065, 1.0]]}, "/World/Camera_front": {"name": "Camera_front", "path": "/World/Camera_front", "jpg_path": "C:\\VScode\\Yoshida_script\\teacher_data\\20260701_074001_5b39ccb8\\images\\074034_scripu4g_before_adaptive_grasp_World_Camera_front.jpg", "width": 640, "height": 480, "world_matrix": [[0.5531734228741061, -0.8061801172643458, -0.2099351870301667, 0.0], [0.4700696038414246, 0.09401014464592727, 0.8776084891613218, 0.0], [-0.6877744774052841, -0.5841538420923871, 0.4309646818459617, 0.0], [-0.4385506212711334, -0.4639706611633301, 0.4342247247695923, 1.0]]}, "/World/Camera_top": {"name": "Camera_top", "path": "/World/Camera_top", "jpg_path": "C:\\VScode\\Yoshida_script\\teacher_data\\20260701_074001_5b39ccb8\\images\\074034_scripu4g_before_adaptive_grasp_World_Camera_top.jpg", "width": 640, "height": 480, "world_matrix": [[0.29812184758817784, -0.006294424000651742, -0.032920379245519174, 0.0], [0.019915700391513205, 0.2702691969323894, 0.1286776329437028, 0.0], [0.026958041862944558, -0.13005748178624268, 0.2689950233050686, 0.0], [0.12636259198188782, -0.12677189707756042, 0.4252224564552307, 1.0]]}, "/World/Camera_side": {"name": "Camera_side", "path": "/World/Camera_side", "jpg_path": "C:\\VScode\\Yoshida_script\\teacher_data\\20260701_074001_5b39ccb8\\images\\074034_scripu4g_before_adaptive_grasp_World_Camera_side.jpg", "width": 640, "height": 480, "world_matrix": [[-0.28982646013238916, -0.043279893159753904, 0.06424547460923952, 0.0], [0.060115902391122765, 0.03125009568959167, 0.2922490666394845, 0.0], [-0.0488539500899073, 0.2952122787419743, -0.02151764841104145, 0.0], [0.011841279454529285, 0.42371687293052673, 0.03717460483312607, 1.0]]}, "/OmniverseKit_Persp": {"name": "OmniverseKit_Persp", "path": "/OmniverseKit_Persp", "jpg_path": "C:\\VScode\\Yoshida_script\\teacher_data\\20260701_074001_5b39ccb8\\images\\074034_scripu4g_before_adaptive_grasp_OmniverseKit_Persp.jpg", "width": 640, "height": 480, "world_matrix": [[-0.7375939598172807, 0.6752445115964008, -4.5397828052351485e-08, 0.0], [-0.15638799738208986, -0.17082819054796938, 0.9728106308983913, 0.0], [0.6568850315815419, 0.7175392524963669, 0.2316019784265061, 0.0], [1.5347005128860474, 1.63753080368042, 0.600679874420166, 1.0]]}, "/OmniverseKit_Front": {"name": "OmniverseKit_Front", "path": "/OmniverseKit_Front", "jpg_path": "C:\\VScode\\Yoshida_script\\teacher_data\\20260701_074001_5b39ccb8\\images\\074034_scripu4g_before_adaptive_grasp_OmniverseKit_Front.jpg", "width": 640, "height": 480, "world_matrix": [[-4.440892098500626e-16, 1.0000000000000002, 2.220446049250313e-16, 0.0], [2.220446049250313e-16, -4.440892098500626e-16, 1.0000000000000002, 0.0], [1.0000000000000002, 2.220446049250313e-16, -4.440892098500626e-16, 0.0], [5.0, 0.0, 0.0, 1.0]]}, "/OmniverseKit_Top": {"name": "OmniverseKit_Top", "path": "/OmniverseKit_Top", "jpg_path": "C:\\VScode\\Yoshida_script\\teacher_data\\20260701_074001_5b39ccb8\\images\\074034_scripu4g_before_adaptive_grasp_OmniverseKit_Top.jpg", "width": 640, "height": 480, "world_matrix": [[-3.42285420007471e-08, -0.9999999999999993, 1.2246467620799123e-16, 0.0], [0.9999999999999993, -3.42285420007471e-08, 2.220446155002968e-16, 0.0], [-2.220446113085094e-16, 1.224646838082546e-16, 1.0, 0.0], [0.0, 0.0, 5.0, 1.0]]}, "/OmniverseKit_Right": {"name": "OmniverseKit_Right", "path": "/OmniverseKit_Right", "jpg_path": "C:\\VScode\\Yoshida_script\\teacher_data\\20260701_074001_5b39ccb8\\images\\074034_scripu4g_before_adaptive_grasp_OmniverseKit_Right.jpg", "width": 640, "height": 480, "world_matrix": [[1.0, -2.2204460872516273e-16, -3.8001315921616716e-24, 0.0], [-3.8001315921616716e-24, -3.422854177870249e-08, 0.9999999999999993, 0.0], [-2.2204460872516273e-16, -0.9999999999999993, -3.422854177870249e-08, 0.0], [0.0, -5.0, 0.0, 1.0]]}}}
{"run_id": "20260701_074001_5b39ccb8", "step_id": "074040_scripu4g_close_test_1", "timestamp": 1782891640.1199389, "script_name": "scripu4g", "phase": "close_test_1", "instruction": "grasp the cube with ShadowHand and lift it", "note": "progressive close + 2mm test lift", "state": {"hand_path": "/World/shadow_hand", "cube_path": "/World/Cube", "hand_translate": [-0.3572104709302832, 0.0326124528172253, 0.13027827214581286], "cube_translate": [0.07455328851938248, 0.02136417292058468, 0.04025612398982048], "cube_scale": [0.05000000074505806, 0.10000000149011612, 0.05000000074505806], "cube_usd_size": 1.0, "cube_height": 0.05000000074505806, "table_z": 0.01525612361729145, "cube_world_bottom_z": 0.01525612361729145, "cube_bottom_above_table": 0.0, "current_joint_targets": {"FFJ3": 11.0, "FFJ2": 19.0, "FFJ1": 10.0, "MFJ3": 13.0, "MFJ2": 23.0, "MFJ1": 14.0, "RFJ3": 11.0, "RFJ2": 19.0, "RFJ1": 10.0, "LFJ4": 4.0, "LFJ3": 11.0, "LFJ2": 19.0, "LFJ1": 10.0, "THJ4": 24.0, "THJ3": 29.0, "THJ2": 27.0, "THJ1": 19.0}, "action_joints": ["FFJ3", "FFJ2", "FFJ1", "MFJ3", "MFJ2", "MFJ1", "RFJ3", "RFJ2", "RFJ1", "LFJ4", "LFJ3", "LFJ2", "LFJ1", "THJ4", "THJ3", "THJ2", "THJ1"]}, "action": {"type": "adaptive_close_test", "iter": 1, "grip": {"FFJ3": 11, "FFJ2": 19, "FFJ1": 10, "MFJ3": 13, "MFJ2": 23, "MFJ1": 14, "RFJ3": 11, "RFJ2": 19, "RFJ1": 10, "LFJ4": 4, "LFJ3": 11, "LFJ2": 19, "LFJ1": 10, "THJ4": 24, "THJ3": 29, "THJ2": 27, "THJ1": 19}, "cube_rise": 0.0, "follow_ratio": 0.0, "lateral": 0.0}, "success": null, "images": {"/World/shadow_hand/robot0_forearm/Camera_wrist": {"name": "Camera_wrist", "path": "/World/shadow_hand/robot0_forearm/Camera_wrist", "jpg_path": "C:\\VScode\\Yoshida_script\\teacher_data\\20260701_074001_5b39ccb8\\images\\074040_scripu4g_close_test_1_World_shadow_hand_robot0_forearm_Camera_wrist.jpg", "width": 640, "height": 480, "world_matrix": [[0.012776860345676287, -0.09859294828453948, 0.010778778928960214, 0.0], [-0.003425750485918583, 0.010422662679111053, 0.09939634151466441, 0.0], [-0.09912121739857879, -0.01306898545640647, -0.002045855663483507, 0.0], [-0.2561766292924013, -0.02967759851761769, 0.041788824402341065, 1.0]]}, "/World/Camera_front": {"name": "Camera_front", "path": "/World/Camera_front", "jpg_path": "C:\\VScode\\Yoshida_script\\teacher_data\\20260701_074001_5b39ccb8\\images\\074040_scripu4g_close_test_1_World_Camera_front.jpg", "width": 640, "height": 480, "world_matrix": [[0.5531734228741061, -0.8061801172643458, -0.2099351870301667, 0.0], [0.4700696038414246, 0.09401014464592727, 0.8776084891613218, 0.0], [-0.6877744774052841, -0.5841538420923871, 0.4309646818459617, 0.0], [-0.4385506212711334, -0.4639706611633301, 0.4342247247695923, 1.0]]}, "/World/Camera_top": {"name": "Camera_top", "path": "/World/Camera_top", "jpg_path": "C:\\VScode\\Yoshida_script\\teacher_data\\20260701_074001_5b39ccb8\\images\\074040_scripu4g_close_test_1_World_Camera_top.jpg", "width": 640, "height": 480, "world_matrix": [[0.29812184758817784, -0.006294424000651742, -0.032920379245519174, 0.0], [0.019915700391513205, 0.2702691969323894, 0.1286776329437028, 0.0], [0.026958041862944558, -0.13005748178624268, 0.2689950233050686, 0.0], [0.12636259198188782, -0.12677189707756042, 0.4252224564552307, 1.0]]}, "/World/Camera_side": {"name": "Camera_side", "path": "/World/Camera_side", "jpg_path": "C:\\VScode\\Yoshida_script\\teacher_data\\20260701_074001_5b39ccb8\\images\\074040_scripu4g_close_test_1_World_Camera_side.jpg", "width": 640, "height": 480, "world_matrix": [[-0.28982646013238916, -0.043279893159753904, 0.06424547460923952, 0.0], [0.060115902391122765, 0.03125009568959167, 0.2922490666394845, 0.0], [-0.0488539500899073, 0.2952122787419743, -0.02151764841104145, 0.0], [0.011841279454529285, 0.42371687293052673, 0.03717460483312607, 1.0]]}, "/OmniverseKit_Persp": {"name": "OmniverseKit_Persp", "path": "/OmniverseKit_Persp", "jpg_path": "C:\\VScode\\Yoshida_script\\teacher_data\\20260701_074001_5b39ccb8\\images\\074040_scripu4g_close_test_1_OmniverseKit_Persp.jpg", "width": 640, "height": 480, "world_matrix": [[-0.7375939598172807, 0.6752445115964008, -4.5397828052351485e-08, 0.0], [-0.15638799738208986, -0.17082819054796938, 0.9728106308983913, 0.0], [0.6568850315815419, 0.7175392524963669, 0.2316019784265061, 0.0], [1.5347005128860474, 1.63753080368042, 0.600679874420166, 1.0]]}, "/OmniverseKit_Front": {"name": "OmniverseKit_Front", "path": "/OmniverseKit_Front", "jpg_path": "C:\\VScode\\Yoshida_script\\teacher_data\\20260701_074001_5b39ccb8\\images\\074040_scripu4g_close_test_1_OmniverseKit_Front.jpg", "width": 640, "height": 480, "world_matrix": [[-4.440892098500626e-16, 1.0000000000000002, 2.220446049250313e-16, 0.0], [2.220446049250313e-16, -4.440892098500626e-16, 1.0000000000000002, 0.0], [1.0000000000000002, 2.220446049250313e-16, -4.440892098500626e-16, 0.0], [5.0, 0.0, 0.0, 1.0]]}, "/OmniverseKit_Top": {"name": "OmniverseKit_Top", "path": "/OmniverseKit_Top", "jpg_path": "C:\\VScode\\Yoshida_script\\teacher_data\\20260701_074001_5b39ccb8\\images\\074040_scripu4g_close_test_1_OmniverseKit_Top.jpg", "width": 640, "height": 480, "world_matrix": [[-3.42285420007471e-08, -0.9999999999999993, 1.2246467620799123e-16, 0.0], [0.9999999999999993, -3.42285420007471e-08, 2.220446155002968e-16, 0.0], [-2.220446113085094e-16, 1.224646838082546e-16, 1.0, 0.0], [0.0, 0.0, 5.0, 1.0]]}, "/OmniverseKit_Right": {"name": "OmniverseKit_Right", "path": "/OmniverseKit_Right", "jpg_path": "C:\\VScode\\Yoshida_script\\teacher_data\\20260701_074001_5b39ccb8\\images\\074040_scripu4g_close_test_1_OmniverseKit_Right.jpg", "width": 640, "height": 480, "world_matrix": [[1.0, -2.2204460872516273e-16, -3.8001315921616716e-24, 0.0], [-3.8001315921616716e-24, -3.422854177870249e-08, 0.9999999999999993, 0.0], [-2.2204460872516273e-16, -0.9999999999999993, -3.422854177870249e-08, 0.0], [0.0, -5.0, 0.0, 1.0]]}}}
{"run_id": "20260701_074001_5b39ccb8", "step_id": "074043_scripu4g_close_test_2", "timestamp": 1782891643.8079643, "script_name": "scripu4g", "phase": "close_test_2", "instruction": "grasp the cube with ShadowHand and lift it", "note": "progressive close + 2mm test lift", "state": {"hand_path": "/World/shadow_hand", "cube_path": "/World/Cube", "hand_translate": [-0.3572104709302832, 0.0326124528172253, 0.13027827214581286], "cube_translate": [0.07455328851938248, 0.02136417292058468, 0.04025612398982048], "cube_scale": [0.05000000074505806, 0.10000000149011612, 0.05000000074505806], "cube_usd_size": 1.0, "cube_height": 0.05000000074505806, "table_z": 0.01525612361729145, "cube_world_bottom_z": 0.01525612361729145, "cube_bottom_above_table": 0.0, "current_joint_targets": {"FFJ3": 14.0, "FFJ2": 24.0, "FFJ1": 12.0, "MFJ3": 16.0, "MFJ2": 28.0, "MFJ1": 16.0, "RFJ3": 14.0, "RFJ2": 24.0, "RFJ1": 12.0, "LFJ4": 4.0, "LFJ3": 14.0, "LFJ2": 24.0, "LFJ1": 12.0, "THJ4": 28.0, "THJ3": 34.0, "THJ2": 32.0, "THJ1": 22.0}, "action_joints": ["FFJ3", "FFJ2", "FFJ1", "MFJ3", "MFJ2", "MFJ1", "RFJ3", "RFJ2", "RFJ1", "LFJ4", "LFJ3", "LFJ2", "LFJ1", "THJ4", "THJ3", "THJ2", "THJ1"]}, "action": {"type": "adaptive_close_test", "iter": 2, "grip": {"FFJ3": 14, "FFJ2": 24, "FFJ1": 12, "MFJ3": 16, "MFJ2": 28, "MFJ1": 16, "RFJ3": 14, "RFJ2": 24, "RFJ1": 12, "LFJ4": 4, "LFJ3": 14, "LFJ2": 24, "LFJ1": 12, "THJ4": 28, "THJ3": 34, "THJ2": 32, "THJ1": 22}, "cube_rise": 0.0, "follow_ratio": 0.0, "lateral": 0.0}, "success": null, "images": {"/World/shadow_hand/robot0_forearm/Camera_wrist": {"name": "Camera_wrist", "path": "/World/shadow_hand/robot0_forearm/Camera_wrist", "jpg_path": "C:\\VScode\\Yoshida_script\\teacher_data\\20260701_074001_5b39ccb8\\images\\074043_scripu4g_close_test_2_World_shadow_hand_robot0_forearm_Camera_wrist.jpg", "width": 640, "height": 480, "world_matrix": [[0.012776860345676287, -0.09859294828453948, 0.010778778928960214, 0.0], [-0.003425750485918583, 0.010422662679111053, 0.09939634151466441, 0.0], [-0.09912121739857879, -0.01306898545640647, -0.002045855663483507, 0.0], [-0.2561766292924013, -0.02967759851761769, 0.041788824402341065, 1.0]]}, "/World/Camera_front": {"name": "Camera_front", "path": "/World/Camera_front", "jpg_path": "C:\\VScode\\Yoshida_script\\teacher_data\\20260701_074001_5b39ccb8\\images\\074043_scripu4g_close_test_2_World_Camera_front.jpg", "width": 640, "height": 480, "world_matrix": [[0.5531734228741061, -0.8061801172643458, -0.2099351870301667, 0.0], [0.4700696038414246, 0.09401014464592727, 0.8776084891613218, 0.0], [-0.6877744774052841, -0.5841538420923871, 0.4309646818459617, 0.0], [-0.4385506212711334, -0.4639706611633301, 0.4342247247695923, 1.0]]}, "/World/Camera_top": {"name": "Camera_top", "path": "/World/Camera_top", "jpg_path": "C:\\VScode\\Yoshida_script\\teacher_data\\20260701_074001_5b39ccb8\\images\\074043_scripu4g_close_test_2_World_Camera_top.jpg", "width": 640, "height": 480, "world_matrix": [[0.29812184758817784, -0.006294424000651742, -0.032920379245519174, 0.0], [0.019915700391513205, 0.2702691969323894, 0.1286776329437028, 0.0], [0.026958041862944558, -0.13005748178624268, 0.2689950233050686, 0.0], [0.12636259198188782, -0.12677189707756042, 0.4252224564552307, 1.0]]}, "/World/Camera_side": {"name": "Camera_side", "path": "/World/Camera_side", "jpg_path": "C:\\VScode\\Yoshida_script\\teacher_data\\20260701_074001_5b39ccb8\\images\\074043_scripu4g_close_test_2_World_Camera_side.jpg", "width": 640, "height": 480, "world_matrix": [[-0.28982646013238916, -0.043279893159753904, 0.06424547460923952, 0.0], [0.060115902391122765, 0.03125009568959167, 0.2922490666394845, 0.0], [-0.0488539500899073, 0.2952122787419743, -0.02151764841104145, 0.0], [0.011841279454529285, 0.42371687293052673, 0.03717460483312607, 1.0]]}, "/OmniverseKit_Persp": {"name": "OmniverseKit_Persp", "path": "/OmniverseKit_Persp", "jpg_path": "C:\\VScode\\Yoshida_script\\teacher_data\\20260701_074001_5b39ccb8\\images\\074043_scripu4g_close_test_2_OmniverseKit_Persp.jpg", "width": 640, "height": 480, "world_matrix": [[-0.7375939598172807, 0.6752445115964008, -4.5397828052351485e-08, 0.0], [-0.15638799738208986, -0.17082819054796938, 0.9728106308983913, 0.0], [0.6568850315815419, 0.7175392524963669, 0.2316019784265061, 0.0], [1.5347005128860474, 1.63753080368042, 0.600679874420166, 1.0]]}, "/OmniverseKit_Front": {"name": "OmniverseKit_Front", "path": "/OmniverseKit_Front", "jpg_path": "C:\\VScode\\Yoshida_script\\teacher_data\\20260701_074001_5b39ccb8\\images\\074043_scripu4g_close_test_2_OmniverseKit_Front.jpg", "width": 640, "height": 480, "world_matrix": [[-4.440892098500626e-16, 1.0000000000000002, 2.220446049250313e-16, 0.0], [2.220446049250313e-16, -4.440892098500626e-16, 1.0000000000000002, 0.0], [1.0000000000000002, 2.220446049250313e-16, -4.440892098500626e-16, 0.0], [5.0, 0.0, 0.0, 1.0]]}, "/OmniverseKit_Top": {"name": "OmniverseKit_Top", "path": "/OmniverseKit_Top", "jpg_path": "C:\\VScode\\Yoshida_script\\teacher_data\\20260701_074001_5b39ccb8\\images\\074043_scripu4g_close_test_2_OmniverseKit_Top.jpg", "width": 640, "height": 480, "world_matrix": [[-3.42285420007471e-08, -0.9999999999999993, 1.2246467620799123e-16, 0.0], [0.9999999999999993, -3.42285420007471e-08, 2.220446155002968e-16, 0.0], [-2.220446113085094e-16, 1.224646838082546e-16, 1.0, 0.0], [0.0, 0.0, 5.0, 1.0]]}, "/OmniverseKit_Right": {"name": "OmniverseKit_Right", "path": "/OmniverseKit_Right", "jpg_path": "C:\\VScode\\Yoshida_script\\teacher_data\\20260701_074001_5b39ccb8\\images\\074043_scripu4g_close_test_2_OmniverseKit_Right.jpg", "width": 640, "height": 480, "world_matrix": [[1.0, -2.2204460872516273e-16, -3.8001315921616716e-24, 0.0], [-3.8001315921616716e-24, -3.422854177870249e-08, 0.9999999999999993, 0.0], [-2.2204460872516273e-16, -0.9999999999999993, -3.422854177870249e-08, 0.0], [0.0, -5.0, 0.0, 1.0]]}}}
{"run_id": "20260701_074001_5b39ccb8", "step_id": "074051_scripu4g_close_test_3", "timestamp": 1782891651.4205196, "script_name": "scripu4g", "phase": "close_test_3", "instruction": "grasp the cube with ShadowHand and lift it", "note": "progressive close + 2mm test lift", "state": {"hand_path": "/World/shadow_hand", "cube_path": "/World/Cube", "hand_translate": [-0.3572104709302832, 0.0326124528172253, 0.13027827214581286], "cube_translate": [0.07010135054588318, 0.026204373687505722, 0.04024089127779007], "cube_scale": [0.05000000074505806, 0.10000000149011612, 0.05000000074505806], "cube_usd_size": 1.0, "cube_height": 0.05000000074505806, "table_z": 0.01525612361729145, "cube_world_bottom_z": 0.01524089090526104, "cube_bottom_above_table": -1.5232712030410767e-05, "current_joint_targets": {"FFJ3": 17.0, "FFJ2": 29.0, "FFJ1": 14.0, "MFJ3": 19.0, "MFJ2": 33.0, "MFJ1": 18.0, "RFJ3": 17.0, "RFJ2": 29.0, "RFJ1": 14.0, "LFJ4": 4.0, "LFJ3": 17.0, "LFJ2": 29.0, "LFJ1": 14.0, "THJ4": 32.0, "THJ3": 39.0, "THJ2": 37.0, "THJ1": 25.0}, "action_joints": ["FFJ3", "FFJ2", "FFJ1", "MFJ3", "MFJ2", "MFJ1", "RFJ3", "RFJ2", "RFJ1", "LFJ4", "LFJ3", "LFJ2", "LFJ1", "THJ4", "THJ3", "THJ2", "THJ1"]}, "action": {"type": "adaptive_close_test", "iter": 3, "grip": {"FFJ3": 17, "FFJ2": 29, "FFJ1": 14, "MFJ3": 19, "MFJ2": 33, "MFJ1": 18, "RFJ3": 17, "RFJ2": 29, "RFJ1": 14, "LFJ4": 4, "LFJ3": 17, "LFJ2": 29, "LFJ1": 14, "THJ4": 32, "THJ3": 39, "THJ2": 37, "THJ1": 25}, "cube_rise": -0.0001138150691986084, "follow_ratio": -0.0569075345993042, "lateral": 0.0}, "success": null, "images": {"/World/shadow_hand/robot0_forearm/Camera_wrist": {"name": "Camera_wrist", "path": "/World/shadow_hand/robot0_forearm/Camera_wrist", "jpg_path": "C:\\VScode\\Yoshida_script\\teacher_data\\20260701_074001_5b39ccb8\\images\\074051_scripu4g_close_test_3_World_shadow_hand_robot0_forearm_Camera_wrist.jpg", "width": 640, "height": 480, "world_matrix": [[0.012776860345676287, -0.09859294828453948, 0.010778778928960214, 0.0], [-0.003425750485918583, 0.010422662679111053, 0.09939634151466441, 0.0], [-0.09912121739857879, -0.01306898545640647, -0.002045855663483507, 0.0], [-0.2561766260124755, -0.02967759741073238, 0.04178881358001453, 1.0]]}, "/World/Camera_front": {"name": "Camera_front", "path": "/World/Camera_front", "jpg_path": "C:\\VScode\\Yoshida_script\\teacher_data\\20260701_074001_5b39ccb8\\images\\074051_scripu4g_close_test_3_World_Camera_front.jpg", "width": 640, "height": 480, "world_matrix": [[0.5531734228741061, -0.8061801172643458, -0.2099351870301667, 0.0], [0.4700696038414246, 0.09401014464592727, 0.8776084891613218, 0.0], [-0.6877744774052841, -0.5841538420923871, 0.4309646818459617, 0.0], [-0.4385506212711334, -0.4639706611633301, 0.4342247247695923, 1.0]]}, "/World/Camera_top": {"name": "Camera_top", "path": "/World/Camera_top", "jpg_path": "C:\\VScode\\Yoshida_script\\teacher_data\\20260701_074001_5b39ccb8\\images\\074051_scripu4g_close_test_3_World_Camera_top.jpg", "width": 640, "height": 480, "world_matrix": [[0.29812184758817784, -0.006294424000651742, -0.032920379245519174, 0.0], [0.019915700391513205, 0.2702691969323894, 0.1286776329437028, 0.0], [0.026958041862944558, -0.13005748178624268, 0.2689950233050686, 0.0], [0.12636259198188782, -0.12677189707756042, 0.4252224564552307, 1.0]]}, "/World/Camera_side": {"name": "Camera_side", "path": "/World/Camera_side", "jpg_path": "C:\\VScode\\Yoshida_script\\teacher_data\\20260701_074001_5b39ccb8\\images\\074051_scripu4g_close_test_3_World_Camera_side.jpg", "width": 640, "height": 480, "world_matrix": [[-0.28982646013238916, -0.043279893159753904, 0.06424547460923952, 0.0], [0.060115902391122765, 0.03125009568959167, 0.2922490666394845, 0.0], [-0.0488539500899073, 0.2952122787419743, -0.02151764841104145, 0.0], [0.011841279454529285, 0.42371687293052673, 0.03717460483312607, 1.0]]}, "/OmniverseKit_Persp": {"name": "OmniverseKit_Persp", "path": "/OmniverseKit_Persp", "jpg_path": "C:\\VScode\\Yoshida_script\\teacher_data\\20260701_074001_5b39ccb8\\images\\074051_scripu4g_close_test_3_OmniverseKit_Persp.jpg", "width": 640, "height": 480, "world_matrix": [[-0.7375939598172807, 0.6752445115964008, -4.5397828052351485e-08, 0.0], [-0.15638799738208986, -0.17082819054796938, 0.9728106308983913, 0.0], [0.6568850315815419, 0.7175392524963669, 0.2316019784265061, 0.0], [1.5347005128860474, 1.63753080368042, 0.600679874420166, 1.0]]}, "/OmniverseKit_Front": {"name": "OmniverseKit_Front", "path": "/OmniverseKit_Front", "jpg_path": "C:\\VScode\\Yoshida_script\\teacher_data\\20260701_074001_5b39ccb8\\images\\074051_scripu4g_close_test_3_OmniverseKit_Front.jpg", "width": 640, "height": 480, "world_matrix": [[-4.440892098500626e-16, 1.0000000000000002, 2.220446049250313e-16, 0.0], [2.220446049250313e-16, -4.440892098500626e-16, 1.0000000000000002, 0.0], [1.0000000000000002, 2.220446049250313e-16, -4.440892098500626e-16, 0.0], [5.0, 0.0, 0.0, 1.0]]}, "/OmniverseKit_Top": {"name": "OmniverseKit_Top", "path": "/OmniverseKit_Top", "jpg_path": "C:\\VScode\\Yoshida_script\\teacher_data\\20260701_074001_5b39ccb8\\images\\074051_scripu4g_close_test_3_OmniverseKit_Top.jpg", "width": 640, "height": 480, "world_matrix": [[-3.42285420007471e-08, -0.9999999999999993, 1.2246467620799123e-16, 0.0], [0.9999999999999993, -3.42285420007471e-08, 2.220446155002968e-16, 0.0], [-2.220446113085094e-16, 1.224646838082546e-16, 1.0, 0.0], [0.0, 0.0, 5.0, 1.0]]}, "/OmniverseKit_Right": {"name": "OmniverseKit_Right", "path": "/OmniverseKit_Right", "jpg_path": "C:\\VScode\\Yoshida_script\\teacher_data\\20260701_074001_5b39ccb8\\images\\074051_scripu4g_close_test_3_OmniverseKit_Right.jpg", "width": 640, "height": 480, "world_matrix": [[1.0, -2.2204460872516273e-16, -3.8001315921616716e-24, 0.0], [-3.8001315921616716e-24, -3.422854177870249e-08, 0.9999999999999993, 0.0], [-2.2204460872516273e-16, -0.9999999999999993, -3.422854177870249e-08, 0.0], [0.0, -5.0, 0.0, 1.0]]}}}
