{"run_id": "20260702_022126_de6a085c", "step_id": "022127_scripu2_common_setup_loaded", "timestamp": 1782958887.353987, "script_name": "scripu2", "phase": "common_setup_loaded", "instruction": "grasp the cube with ShadowHand and lift it", "note": "saved initial state restored and cameras initialized", "state": {"hand_path": "/World/shadow_hand", "cube_path": "/World/Cube", "hand_translate": [-0.2822104709302832, 0.0326124528172253, 0.18027827214581288], "cube_translate": [0.07455328851938248, 0.02136417292058468, 0.04025612398982048], "cube_scale": [0.05000000074505806, 0.10000000149011612, 0.05000000074505806], "cube_usd_size": 1.0, "cube_height": 0.05000000074505806, "table_z": 0.01525612361729145, "cube_world_bottom_z": 0.01525612361729145, "cube_bottom_above_table": 0.0, "current_joint_targets": {}, "action_joints": ["FFJ3", "FFJ2", "FFJ1", "MFJ3", "MFJ2", "MFJ1", "RFJ3", "RFJ2", "RFJ1", "LFJ4", "LFJ3", "LFJ2", "LFJ1", "THJ4", "THJ3", "THJ2", "THJ1"]}, "action": {"type": "setup"}, "success": null, "images": {"/World/shadow_hand/robot0_forearm/Camera_wrist": {"name": "Camera_wrist", "path": "/World/shadow_hand/robot0_forearm/Camera_wrist", "jpg_path": "C:\\VScode\\Yoshida_script\\teacher_data\\20260702_022126_de6a085c\\images\\022127_scripu2_common_setup_loaded_World_shadow_hand_robot0_forearm_Camera_wrist.jpg", "width": 640, "height": 480, "world_matrix": [[0.012776860345676287, -0.09859294828453948, 0.010778778928960214, 0.0], [-0.003425750485918583, 0.010422662679111053, 0.09939634151466441, 0.0], [-0.09912121739857879, -0.01306898545640647, -0.002045855663483507, 0.0], [-0.18117660678184133, -0.029677582438063878, 0.09178887338048278, 1.0]]}, "/World/Camera_front": {"name": "Camera_front", "path": "/World/Camera_front", "jpg_path": "C:\\VScode\\Yoshida_script\\teacher_data\\20260702_022126_de6a085c\\images\\022127_scripu2_common_setup_loaded_World_Camera_front.jpg", "width": 640, "height": 480, "world_matrix": [[0.5531734228741061, -0.8061801172643458, -0.2099351870301667, 0.0], [0.4700696038414246, 0.09401014464592727, 0.8776084891613218, 0.0], [-0.6877744774052841, -0.5841538420923871, 0.4309646818459617, 0.0], [-0.4385506212711334, -0.4639706611633301, 0.4342247247695923, 1.0]]}, "/World/Camera_top": {"name": "Camera_top", "path": "/World/Camera_top", "jpg_path": "C:\\VScode\\Yoshida_script\\teacher_data\\20260702_022126_de6a085c\\images\\022127_scripu2_common_setup_loaded_World_Camera_top.jpg", "width": 640, "height": 480, "world_matrix": [[0.29812184758817784, -0.006294424000651742, -0.032920379245519174, 0.0], [0.019915700391513205, 0.2702691969323894, 0.1286776329437028, 0.0], [0.026958041862944558, -0.13005748178624268, 0.2689950233050686, 0.0], [0.12636259198188782, -0.12677189707756042, 0.4252224564552307, 1.0]]}, "/World/Camera_side": {"name": "Camera_side", "path": "/World/Camera_side", "jpg_path": "C:\\VScode\\Yoshida_script\\teacher_data\\20260702_022126_de6a085c\\images\\022127_scripu2_common_setup_loaded_World_Camera_side.jpg", "width": 640, "height": 480, "world_matrix": [[-0.28982646013238916, -0.043279893159753904, 0.06424547460923952, 0.0], [0.060115902391122765, 0.03125009568959167, 0.2922490666394845, 0.0], [-0.0488539500899073, 0.2952122787419743, -0.02151764841104145, 0.0], [0.011841279454529285, 0.42371687293052673, 0.03717460483312607, 1.0]]}, "/OmniverseKit_Persp": {"name": "OmniverseKit_Persp", "path": "/OmniverseKit_Persp", "jpg_path": "C:\\VScode\\Yoshida_script\\teacher_data\\20260702_022126_de6a085c\\images\\022127_scripu2_common_setup_loaded_OmniverseKit_Persp.jpg", "width": 640, "height": 480, "world_matrix": [[-0.7375939598172809, 0.6752445115964005, -4.5397828496440695e-08, 0.0], [-0.15638799738209025, -0.17082819054796916, 0.9728106308983914, 0.0], [0.6568850315815417, 0.7175392524963672, 0.2316019784265061, 0.0], [0.9062216049393927, 0.9510205863109776, 0.37909321696607967, 1.0]]}, "/OmniverseKit_Front": {"name": "OmniverseKit_Front", "path": "/OmniverseKit_Front", "jpg_path": "C:\\VScode\\Yoshida_script\\teacher_data\\20260702_022126_de6a085c\\images\\022127_scripu2_common_setup_loaded_OmniverseKit_Front.jpg", "width": 640, "height": 480, "world_matrix": [[-4.440892098500626e-16, 1.0000000000000002, 2.220446049250313e-16, 0.0], [2.220446049250313e-16, -4.440892098500626e-16, 1.0000000000000002, 0.0], [1.0000000000000002, 2.220446049250313e-16, -4.440892098500626e-16, 0.0], [5.0, 0.0, 0.0, 1.0]]}, "/OmniverseKit_Top": {"name": "OmniverseKit_Top", "path": "/OmniverseKit_Top", "jpg_path": "C:\\VScode\\Yoshida_script\\teacher_data\\20260702_022126_de6a085c\\images\\022127_scripu2_common_setup_loaded_OmniverseKit_Top.jpg", "width": 640, "height": 480, "world_matrix": [[-3.42285420007471e-08, -0.9999999999999993, 1.2246467620799123e-16, 0.0], [0.9999999999999993, -3.42285420007471e-08, 2.220446155002968e-16, 0.0], [-2.220446113085094e-16, 1.224646838082546e-16, 1.0, 0.0], [0.0, 0.0, 5.0, 1.0]]}, "/OmniverseKit_Right": {"name": "OmniverseKit_Right", "path": "/OmniverseKit_Right", "jpg_path": "C:\\VScode\\Yoshida_script\\teacher_data\\20260702_022126_de6a085c\\images\\022127_scripu2_common_setup_loaded_OmniverseKit_Right.jpg", "width": 640, "height": 480, "world_matrix": [[1.0, -2.2204460872516273e-16, -3.8001315921616716e-24, 0.0], [-3.8001315921616716e-24, -3.422854177870249e-08, 0.9999999999999993, 0.0], [-2.2204460872516273e-16, -0.9999999999999993, -3.422854177870249e-08, 0.0], [0.0, -5.0, 0.0, 1.0]]}}}
{"run_id": "20260702_022126_de6a085c", "step_id": "022334_scripu3_status_read_only", "timestamp": 1782959014.422713, "script_name": "scripu3", "phase": "status_read_only", "instruction": "grasp the cube with ShadowHand and lift it", "note": "read-only status snapshot", "state": {"hand_path": "/World/shadow_hand", "cube_path": "/World/Cube", "hand_translate": [-0.2822104709302832, 0.0326124528172253, 0.18027827214581288], "cube_translate": [0.07455328851938248, 0.02136417292058468, 0.04025612398982048], "cube_scale": [0.05000000074505806, 0.10000000149011612, 0.05000000074505806], "cube_usd_size": 1.0, "cube_height": 0.05000000074505806, "table_z": 0.01525612361729145, "cube_world_bottom_z": 0.01525612361729145, "cube_bottom_above_table": 0.0, "current_joint_targets": {}, "action_joints": ["FFJ3", "FFJ2", "FFJ1", "MFJ3", "MFJ2", "MFJ1", "RFJ3", "RFJ2", "RFJ1", "LFJ4", "LFJ3", "LFJ2", "LFJ1", "THJ4", "THJ3", "THJ2", "THJ1"]}, "action": {"type": "status"}, "success": null, "images": {"/World/shadow_hand/robot0_forearm/Camera_wrist": {"name": "Camera_wrist", "path": "/World/shadow_hand/robot0_forearm/Camera_wrist", "jpg_path": "C:\\VScode\\Yoshida_script\\teacher_data\\20260702_022126_de6a085c\\images\\022334_scripu3_status_read_only_World_shadow_hand_robot0_forearm_Camera_wrist.jpg", "width": 640, "height": 480, "world_matrix": [[0.012776860345676287, -0.09859294828453948, 0.010778778928960214, 0.0], [-0.003425750485918583, 0.010422662679111053, 0.09939634151466441, 0.0], [-0.09912121739857879, -0.01306898545640647, -0.002045855663483507, 0.0], [-0.18117660678184133, -0.029677582438063878, 0.09178887338048278, 1.0]]}, "/World/Camera_front": {"name": "Camera_front", "path": "/World/Camera_front", "jpg_path": "C:\\VScode\\Yoshida_script\\teacher_data\\20260702_022126_de6a085c\\images\\022334_scripu3_status_read_only_World_Camera_front.jpg", "width": 640, "height": 480, "world_matrix": [[0.5531734228741061, -0.8061801172643458, -0.2099351870301667, 0.0], [0.4700696038414246, 0.09401014464592727, 0.8776084891613218, 0.0], [-0.6877744774052841, -0.5841538420923871, 0.4309646818459617, 0.0], [-0.4385506212711334, -0.4639706611633301, 0.4342247247695923, 1.0]]}, "/World/Camera_top": {"name": "Camera_top", "path": "/World/Camera_top", "jpg_path": "C:\\VScode\\Yoshida_script\\teacher_data\\20260702_022126_de6a085c\\images\\022334_scripu3_status_read_only_World_Camera_top.jpg", "width": 640, "height": 480, "world_matrix": [[0.29812184758817784, -0.006294424000651742, -0.032920379245519174, 0.0], [0.019915700391513205, 0.2702691969323894, 0.1286776329437028, 0.0], [0.026958041862944558, -0.13005748178624268, 0.2689950233050686, 0.0], [0.12636259198188782, -0.12677189707756042, 0.4252224564552307, 1.0]]}, "/World/Camera_side": {"name": "Camera_side", "path": "/World/Camera_side", "jpg_path": "C:\\VScode\\Yoshida_script\\teacher_data\\20260702_022126_de6a085c\\images\\022334_scripu3_status_read_only_World_Camera_side.jpg", "width": 640, "height": 480, "world_matrix": [[-0.28982646013238916, -0.043279893159753904, 0.06424547460923952, 0.0], [0.060115902391122765, 0.03125009568959167, 0.2922490666394845, 0.0], [-0.0488539500899073, 0.2952122787419743, -0.02151764841104145, 0.0], [0.011841279454529285, 0.42371687293052673, 0.03717460483312607, 1.0]]}, "/OmniverseKit_Persp": {"name": "OmniverseKit_Persp", "path": "/OmniverseKit_Persp", "jpg_path": "C:\\VScode\\Yoshida_script\\teacher_data\\20260702_022126_de6a085c\\images\\022334_scripu3_status_read_only_OmniverseKit_Persp.jpg", "width": 640, "height": 480, "world_matrix": [[-0.7375939598172809, 0.6752445115964005, -4.5397828496440695e-08, 0.0], [-0.15638799738209025, -0.17082819054796916, 0.9728106308983914, 0.0], [0.6568850315815417, 0.7175392524963672, 0.2316019784265061, 0.0], [0.9062216049393927, 0.9510205863109776, 0.37909321696607967, 1.0]]}, "/OmniverseKit_Front": {"name": "OmniverseKit_Front", "path": "/OmniverseKit_Front", "jpg_path": "C:\\VScode\\Yoshida_script\\teacher_data\\20260702_022126_de6a085c\\images\\022334_scripu3_status_read_only_OmniverseKit_Front.jpg", "width": 640, "height": 480, "world_matrix": [[-4.440892098500626e-16, 1.0000000000000002, 2.220446049250313e-16, 0.0], [2.220446049250313e-16, -4.440892098500626e-16, 1.0000000000000002, 0.0], [1.0000000000000002, 2.220446049250313e-16, -4.440892098500626e-16, 0.0], [5.0, 0.0, 0.0, 1.0]]}, "/OmniverseKit_Top": {"name": "OmniverseKit_Top", "path": "/OmniverseKit_Top", "jpg_path": "C:\\VScode\\Yoshida_script\\teacher_data\\20260702_022126_de6a085c\\images\\022334_scripu3_status_read_only_OmniverseKit_Top.jpg", "width": 640, "height": 480, "world_matrix": [[-3.42285420007471e-08, -0.9999999999999993, 1.2246467620799123e-16, 0.0], [0.9999999999999993, -3.42285420007471e-08, 2.220446155002968e-16, 0.0], [-2.220446113085094e-16, 1.224646838082546e-16, 1.0, 0.0], [0.0, 0.0, 5.0, 1.0]]}, "/OmniverseKit_Right": {"name": "OmniverseKit_Right", "path": "/OmniverseKit_Right", "jpg_path": "C:\\VScode\\Yoshida_script\\teacher_data\\20260702_022126_de6a085c\\images\\022334_scripu3_status_read_only_OmniverseKit_Right.jpg", "width": 640, "height": 480, "world_matrix": [[1.0, -2.2204460872516273e-16, -3.8001315921616716e-24, 0.0], [-3.8001315921616716e-24, -3.422854177870249e-08, 0.9999999999999993, 0.0], [-2.2204460872516273e-16, -0.9999999999999993, -3.422854177870249e-08, 0.0], [0.0, -5.0, 0.0, 1.0]]}}}
{"run_id": "20260702_022126_de6a085c", "step_id": "022419_scripu3_status_read_only", "timestamp": 1782959059.50449, "script_name": "scripu3", "phase": "status_read_only", "instruction": "grasp the cube with ShadowHand and lift it", "note": "read-only status snapshot", "state": {"hand_path": "/World/shadow_hand", "cube_path": "/World/Cube", "hand_translate": [-0.2822104709302832, 0.0326124528172253, 0.18027827214581288], "cube_translate": [0.07455338537693024, 0.02136434055864811, 0.040256157517433167], "cube_scale": [0.05000000074505806, 0.10000000149011612, 0.05000000074505806], "cube_usd_size": 1.0, "cube_height": 0.05000000074505806, "table_z": 0.01525612361729145, "cube_world_bottom_z": 0.015256157144904137, "cube_bottom_above_table": 3.3527612686157227e-08, "current_joint_targets": {}, "action_joints": ["FFJ3", "FFJ2", "FFJ1", "MFJ3", "MFJ2", "MFJ1", "RFJ3", "RFJ2", "RFJ1", "LFJ4", "LFJ3", "LFJ2", "LFJ1", "THJ4", "THJ3", "THJ2", "THJ1"]}, "action": {"type": "status"}, "success": null, "images": {"/World/shadow_hand/robot0_forearm/Camera_wrist": {"name": "Camera_wrist", "path": "/World/shadow_hand/robot0_forearm/Camera_wrist", "jpg_path": "C:\\VScode\\Yoshida_script\\teacher_data\\20260702_022126_de6a085c\\images\\022419_scripu3_status_read_only_World_shadow_hand_robot0_forearm_Camera_wrist.jpg", "width": 640, "height": 480, "world_matrix": [[0.012776860345676287, -0.09859294828453948, 0.010778778928960214, 0.0], [-0.003425750485918583, 0.010422662679111053, 0.09939634151466441, 0.0], [-0.09912121739857879, -0.01306898545640647, -0.002045855663483507, 0.0], [-0.18117661542482444, -0.02967758133185803, 0.0917888744639748, 1.0]]}, "/World/Camera_front": {"name": "Camera_front", "path": "/World/Camera_front", "jpg_path": "C:\\VScode\\Yoshida_script\\teacher_data\\20260702_022126_de6a085c\\images\\022419_scripu3_status_read_only_World_Camera_front.jpg", "width": 640, "height": 480, "world_matrix": [[0.5531734228741061, -0.8061801172643458, -0.2099351870301667, 0.0], [0.4700696038414246, 0.09401014464592727, 0.8776084891613218, 0.0], [-0.6877744774052841, -0.5841538420923871, 0.4309646818459617, 0.0], [-0.4385506212711334, -0.4639706611633301, 0.4342247247695923, 1.0]]}, "/World/Camera_top": {"name": "Camera_top", "path": "/World/Camera_top", "jpg_path": "C:\\VScode\\Yoshida_script\\teacher_data\\20260702_022126_de6a085c\\images\\022419_scripu3_status_read_only_World_Camera_top.jpg", "width": 640, "height": 480, "world_matrix": [[0.29812184758817784, -0.006294424000651742, -0.032920379245519174, 0.0], [0.019915700391513205, 0.2702691969323894, 0.1286776329437028, 0.0], [0.026958041862944558, -0.13005748178624268, 0.2689950233050686, 0.0], [0.12636259198188782, -0.12677189707756042, 0.4252224564552307, 1.0]]}, "/World/Camera_side": {"name": "Camera_side", "path": "/World/Camera_side", "jpg_path": "C:\\VScode\\Yoshida_script\\teacher_data\\20260702_022126_de6a085c\\images\\022419_scripu3_status_read_only_World_Camera_side.jpg", "width": 640, "height": 480, "world_matrix": [[-0.28982646013238916, -0.043279893159753904, 0.06424547460923952, 0.0], [0.060115902391122765, 0.03125009568959167, 0.2922490666394845, 0.0], [-0.0488539500899073, 0.2952122787419743, -0.02151764841104145, 0.0], [0.011841279454529285, 0.42371687293052673, 0.03717460483312607, 1.0]]}, "/OmniverseKit_Persp": {"name": "OmniverseKit_Persp", "path": "/OmniverseKit_Persp", "jpg_path": "C:\\VScode\\Yoshida_script\\teacher_data\\20260702_022126_de6a085c\\images\\022419_scripu3_status_read_only_OmniverseKit_Persp.jpg", "width": 640, "height": 480, "world_matrix": [[-0.7375939598172809, 0.6752445115964005, -4.5397828496440695e-08, 0.0], [-0.15638799738209025, -0.17082819054796916, 0.9728106308983914, 0.0], [0.6568850315815417, 0.7175392524963672, 0.2316019784265061, 0.0], [0.9062216049393927, 0.9510205863109776, 0.37909321696607967, 1.0]]}, "/OmniverseKit_Front": {"name": "OmniverseKit_Front", "path": "/OmniverseKit_Front", "jpg_path": "C:\\VScode\\Yoshida_script\\teacher_data\\20260702_022126_de6a085c\\images\\022419_scripu3_status_read_only_OmniverseKit_Front.jpg", "width": 640, "height": 480, "world_matrix": [[-4.440892098500626e-16, 1.0000000000000002, 2.220446049250313e-16, 0.0], [2.220446049250313e-16, -4.440892098500626e-16, 1.0000000000000002, 0.0], [1.0000000000000002, 2.220446049250313e-16, -4.440892098500626e-16, 0.0], [5.0, 0.0, 0.0, 1.0]]}, "/OmniverseKit_Top": {"name": "OmniverseKit_Top", "path": "/OmniverseKit_Top", "jpg_path": "C:\\VScode\\Yoshida_script\\teacher_data\\20260702_022126_de6a085c\\images\\022419_scripu3_status_read_only_OmniverseKit_Top.jpg", "width": 640, "height": 480, "world_matrix": [[-3.42285420007471e-08, -0.9999999999999993, 1.2246467620799123e-16, 0.0], [0.9999999999999993, -3.42285420007471e-08, 2.220446155002968e-16, 0.0], [-2.220446113085094e-16, 1.224646838082546e-16, 1.0, 0.0], [0.0, 0.0, 5.0, 1.0]]}, "/OmniverseKit_Right": {"name": "OmniverseKit_Right", "path": "/OmniverseKit_Right", "jpg_path": "C:\\VScode\\Yoshida_script\\teacher_data\\20260702_022126_de6a085c\\images\\022419_scripu3_status_read_only_OmniverseKit_Right.jpg", "width": 640, "height": 480, "world_matrix": [[1.0, -2.2204460872516273e-16, -3.8001315921616716e-24, 0.0], [-3.8001315921616716e-24, -3.422854177870249e-08, 0.9999999999999993, 0.0], [-2.2204460872516273e-16, -0.9999999999999993, -3.422854177870249e-08, 0.0], [0.0, -5.0, 0.0, 1.0]]}}}
{"run_id": "20260702_022126_de6a085c", "step_id": "022505_scripu4a_before_approach", "timestamp": 1782959105.256887, "script_name": "scripu4a", "phase": "before_approach", "instruction": "grasp the cube with ShadowHand and lift it", "note": "before moving hand toward cube", "state": {"hand_path": "/World/shadow_hand", "cube_path": "/World/Cube", "hand_translate": [-0.2822104709302832, 0.0326124528172253, 0.18027827214581288], "cube_translate": [0.07455338537693024, 0.02136434055864811, 0.040256157517433167], "cube_scale": [0.05000000074505806, 0.10000000149011612, 0.05000000074505806], "cube_usd_size": 1.0, "cube_height": 0.05000000074505806, "table_z": 0.01525612361729145, "cube_world_bottom_z": 0.015256157144904137, "cube_bottom_above_table": 3.3527612686157227e-08, "current_joint_targets": {}, "action_joints": ["FFJ3", "FFJ2", "FFJ1", "MFJ3", "MFJ2", "MFJ1", "RFJ3", "RFJ2", "RFJ1", "LFJ4", "LFJ3", "LFJ2", "LFJ1", "THJ4", "THJ3", "THJ2", "THJ1"]}, "action": {"type": "start_approach"}, "success": null, "images": {"/World/shadow_hand/robot0_forearm/Camera_wrist": {"name": "Camera_wrist", "path": "/World/shadow_hand/robot0_forearm/Camera_wrist", "jpg_path": "C:\\VScode\\Yoshida_script\\teacher_data\\20260702_022126_de6a085c\\images\\022505_scripu4a_before_approach_World_shadow_hand_robot0_forearm_Camera_wrist.jpg", "width": 640, "height": 480, "world_matrix": [[0.012776860345676287, -0.09859294828453948, 0.010778778928960214, 0.0], [-0.003425750485918583, 0.010422662679111053, 0.09939634151466441, 0.0], [-0.09912121739857879, -0.01306898545640647, -0.002045855663483507, 0.0], [-0.18117661542482444, -0.02967758133185803, 0.0917888744639748, 1.0]]}, "/World/Camera_front": {"name": "Camera_front", "path": "/World/Camera_front", "jpg_path": "C:\\VScode\\Yoshida_script\\teacher_data\\20260702_022126_de6a085c\\images\\022505_scripu4a_before_approach_World_Camera_front.jpg", "width": 640, "height": 480, "world_matrix": [[0.5531734228741061, -0.8061801172643458, -0.2099351870301667, 0.0], [0.4700696038414246, 0.09401014464592727, 0.8776084891613218, 0.0], [-0.6877744774052841, -0.5841538420923871, 0.4309646818459617, 0.0], [-0.4385506212711334, -0.4639706611633301, 0.4342247247695923, 1.0]]}, "/World/Camera_top": {"name": "Camera_top", "path": "/World/Camera_top", "jpg_path": "C:\\VScode\\Yoshida_script\\teacher_data\\20260702_022126_de6a085c\\images\\022505_scripu4a_before_approach_World_Camera_top.jpg", "width": 640, "height": 480, "world_matrix": [[0.29812184758817784, -0.006294424000651742, -0.032920379245519174, 0.0], [0.019915700391513205, 0.2702691969323894, 0.1286776329437028, 0.0], [0.026958041862944558, -0.13005748178624268, 0.2689950233050686, 0.0], [0.12636259198188782, -0.12677189707756042, 0.4252224564552307, 1.0]]}, "/World/Camera_side": {"name": "Camera_side", "path": "/World/Camera_side", "jpg_path": "C:\\VScode\\Yoshida_script\\teacher_data\\20260702_022126_de6a085c\\images\\022505_scripu4a_before_approach_World_Camera_side.jpg", "width": 640, "height": 480, "world_matrix": [[-0.28982646013238916, -0.043279893159753904, 0.06424547460923952, 0.0], [0.060115902391122765, 0.03125009568959167, 0.2922490666394845, 0.0], [-0.0488539500899073, 0.2952122787419743, -0.02151764841104145, 0.0], [0.011841279454529285, 0.42371687293052673, 0.03717460483312607, 1.0]]}, "/OmniverseKit_Persp": {"name": "OmniverseKit_Persp", "path": "/OmniverseKit_Persp", "jpg_path": "C:\\VScode\\Yoshida_script\\teacher_data\\20260702_022126_de6a085c\\images\\022505_scripu4a_before_approach_OmniverseKit_Persp.jpg", "width": 640, "height": 480, "world_matrix": [[-0.7375939598172809, 0.6752445115964005, -4.5397828496440695e-08, 0.0], [-0.15638799738209025, -0.17082819054796916, 0.9728106308983914, 0.0], [0.6568850315815417, 0.7175392524963672, 0.2316019784265061, 0.0], [0.9062216049393927, 0.9510205863109776, 0.37909321696607967, 1.0]]}, "/OmniverseKit_Front": {"name": "OmniverseKit_Front", "path": "/OmniverseKit_Front", "jpg_path": "C:\\VScode\\Yoshida_script\\teacher_data\\20260702_022126_de6a085c\\images\\022505_scripu4a_before_approach_OmniverseKit_Front.jpg", "width": 640, "height": 480, "world_matrix": [[-4.440892098500626e-16, 1.0000000000000002, 2.220446049250313e-16, 0.0], [2.220446049250313e-16, -4.440892098500626e-16, 1.0000000000000002, 0.0], [1.0000000000000002, 2.220446049250313e-16, -4.440892098500626e-16, 0.0], [5.0, 0.0, 0.0, 1.0]]}, "/OmniverseKit_Top": {"name": "OmniverseKit_Top", "path": "/OmniverseKit_Top", "jpg_path": "C:\\VScode\\Yoshida_script\\teacher_data\\20260702_022126_de6a085c\\images\\022505_scripu4a_before_approach_OmniverseKit_Top.jpg", "width": 640, "height": 480, "world_matrix": [[-3.42285420007471e-08, -0.9999999999999993, 1.2246467620799123e-16, 0.0], [0.9999999999999993, -3.42285420007471e-08, 2.220446155002968e-16, 0.0], [-2.220446113085094e-16, 1.224646838082546e-16, 1.0, 0.0], [0.0, 0.0, 5.0, 1.0]]}, "/OmniverseKit_Right": {"name": "OmniverseKit_Right", "path": "/OmniverseKit_Right", "jpg_path": "C:\\VScode\\Yoshida_script\\teacher_data\\20260702_022126_de6a085c\\images\\022505_scripu4a_before_approach_OmniverseKit_Right.jpg", "width": 640, "height": 480, "world_matrix": [[1.0, -2.2204460872516273e-16, -3.8001315921616716e-24, 0.0], [-3.8001315921616716e-24, -3.422854177870249e-08, 0.9999999999999993, 0.0], [-2.2204460872516273e-16, -0.9999999999999993, -3.422854177870249e-08, 0.0], [0.0, -5.0, 0.0, 1.0]]}}}
{"run_id": "20260702_022126_de6a085c", "step_id": "022518_scripu4a_after_open", "timestamp": 1782959118.1046438, "script_name": "scripu4a", "phase": "after_open", "instruction": "grasp the cube with ShadowHand and lift it", "note": "hand opened before approach", "state": {"hand_path": "/World/shadow_hand", "cube_path": "/World/Cube", "hand_translate": [-0.2822104709302832, 0.0326124528172253, 0.18027827214581288], "cube_translate": [0.07455315440893173, 0.021364325657486916, 0.0402560718357563], "cube_scale": [0.05000000074505806, 0.10000000149011612, 0.05000000074505806], "cube_usd_size": 1.0, "cube_height": 0.05000000074505806, "table_z": 0.01525612361729145, "cube_world_bottom_z": 0.015256071463227272, "cube_bottom_above_table": -5.21540641784668e-08, "current_joint_targets": {}, "action_joints": ["FFJ3", "FFJ2", "FFJ1", "MFJ3", "MFJ2", "MFJ1", "RFJ3", "RFJ2", "RFJ1", "LFJ4", "LFJ3", "LFJ2", "LFJ1", "THJ4", "THJ3", "THJ2", "THJ1"]}, "action": {"type": "open_hand"}, "success": null, "images": {"/World/shadow_hand/robot0_forearm/Camera_wrist": {"name": "Camera_wrist", "path": "/World/shadow_hand/robot0_forearm/Camera_wrist", "jpg_path": "C:\\VScode\\Yoshida_script\\teacher_data\\20260702_022126_de6a085c\\images\\022518_scripu4a_after_open_World_shadow_hand_robot0_forearm_Camera_wrist.jpg", "width": 640, "height": 480, "world_matrix": [[0.012776860345676287, -0.09859294828453948, 0.010778778928960214, 0.0], [-0.003425750485918583, 0.010422662679111053, 0.09939634151466441, 0.0], [-0.09912121739857879, -0.01306898545640647, -0.002045855663483507, 0.0], [-0.18117661542482444, -0.02967758133185803, 0.0917888744639748, 1.0]]}, "/World/Camera_front": {"name": "Camera_front", "path": "/World/Camera_front", "jpg_path": "C:\\VScode\\Yoshida_script\\teacher_data\\20260702_022126_de6a085c\\images\\022518_scripu4a_after_open_World_Camera_front.jpg", "width": 640, "height": 480, "world_matrix": [[0.5531734228741061, -0.8061801172643458, -0.2099351870301667, 0.0], [0.4700696038414246, 0.09401014464592727, 0.8776084891613218, 0.0], [-0.6877744774052841, -0.5841538420923871, 0.4309646818459617, 0.0], [-0.4385506212711334, -0.4639706611633301, 0.4342247247695923, 1.0]]}, "/World/Camera_top": {"name": "Camera_top", "path": "/World/Camera_top", "jpg_path": "C:\\VScode\\Yoshida_script\\teacher_data\\20260702_022126_de6a085c\\images\\022518_scripu4a_after_open_World_Camera_top.jpg", "width": 640, "height": 480, "world_matrix": [[0.29812184758817784, -0.006294424000651742, -0.032920379245519174, 0.0], [0.019915700391513205, 0.2702691969323894, 0.1286776329437028, 0.0], [0.026958041862944558, -0.13005748178624268, 0.2689950233050686, 0.0], [0.12636259198188782, -0.12677189707756042, 0.4252224564552307, 1.0]]}, "/World/Camera_side": {"name": "Camera_side", "path": "/World/Camera_side", "jpg_path": "C:\\VScode\\Yoshida_script\\teacher_data\\20260702_022126_de6a085c\\images\\022518_scripu4a_after_open_World_Camera_side.jpg", "width": 640, "height": 480, "world_matrix": [[-0.28982646013238916, -0.043279893159753904, 0.06424547460923952, 0.0], [0.060115902391122765, 0.03125009568959167, 0.2922490666394845, 0.0], [-0.0488539500899073, 0.2952122787419743, -0.02151764841104145, 0.0], [0.011841279454529285, 0.42371687293052673, 0.03717460483312607, 1.0]]}, "/OmniverseKit_Persp": {"name": "OmniverseKit_Persp", "path": "/OmniverseKit_Persp", "jpg_path": "C:\\VScode\\Yoshida_script\\teacher_data\\20260702_022126_de6a085c\\images\\022518_scripu4a_after_open_OmniverseKit_Persp.jpg", "width": 640, "height": 480, "world_matrix": [[-0.7375939598172809, 0.6752445115964005, -4.5397828496440695e-08, 0.0], [-0.15638799738209025, -0.17082819054796916, 0.9728106308983914, 0.0], [0.6568850315815417, 0.7175392524963672, 0.2316019784265061, 0.0], [0.9062216049393927, 0.9510205863109776, 0.37909321696607967, 1.0]]}, "/OmniverseKit_Front": {"name": "OmniverseKit_Front", "path": "/OmniverseKit_Front", "jpg_path": "C:\\VScode\\Yoshida_script\\teacher_data\\20260702_022126_de6a085c\\images\\022518_scripu4a_after_open_OmniverseKit_Front.jpg", "width": 640, "height": 480, "world_matrix": [[-4.440892098500626e-16, 1.0000000000000002, 2.220446049250313e-16, 0.0], [2.220446049250313e-16, -4.440892098500626e-16, 1.0000000000000002, 0.0], [1.0000000000000002, 2.220446049250313e-16, -4.440892098500626e-16, 0.0], [5.0, 0.0, 0.0, 1.0]]}, "/OmniverseKit_Top": {"name": "OmniverseKit_Top", "path": "/OmniverseKit_Top", "jpg_path": "C:\\VScode\\Yoshida_script\\teacher_data\\20260702_022126_de6a085c\\images\\022518_scripu4a_after_open_OmniverseKit_Top.jpg", "width": 640, "height": 480, "world_matrix": [[-3.42285420007471e-08, -0.9999999999999993, 1.2246467620799123e-16, 0.0], [0.9999999999999993, -3.42285420007471e-08, 2.220446155002968e-16, 0.0], [-2.220446113085094e-16, 1.224646838082546e-16, 1.0, 0.0], [0.0, 0.0, 5.0, 1.0]]}, "/OmniverseKit_Right": {"name": "OmniverseKit_Right", "path": "/OmniverseKit_Right", "jpg_path": "C:\\VScode\\Yoshida_script\\teacher_data\\20260702_022126_de6a085c\\images\\022518_scripu4a_after_open_OmniverseKit_Right.jpg", "width": 640, "height": 480, "world_matrix": [[1.0, -2.2204460872516273e-16, -3.8001315921616716e-24, 0.0], [-3.8001315921616716e-24, -3.422854177870249e-08, 0.9999999999999993, 0.0], [-2.2204460872516273e-16, -0.9999999999999993, -3.422854177870249e-08, 0.0], [0.0, -5.0, 0.0, 1.0]]}}}
{"run_id": "20260702_022126_de6a085c", "step_id": "022527_scripu4a_approach_move_8", "timestamp": 1782959127.1328404, "script_name": "scripu4a", "phase": "approach_move_8", "instruction": "grasp the cube with ShadowHand and lift it", "note": "during approach movement", "state": {"hand_path": "/World/shadow_hand", "cube_path": "/World/Cube", "hand_translate": [-0.2808771375969498, 0.0326124528172253, 0.17894493881247955], "cube_translate": [0.07455294579267502, 0.021364282816648483, 0.04025612398982048], "cube_scale": [0.05000000074505806, 0.10000000149011612, 0.05000000074505806], "cube_usd_size": 1.0, "cube_height": 0.05000000074505806, "table_z": 0.01525612361729145, "cube_world_bottom_z": 0.01525612361729145, "cube_bottom_above_table": 0.0, "current_joint_targets": {}, "action_joints": ["FFJ3", "FFJ2", "FFJ1", "MFJ3", "MFJ2", "MFJ1", "RFJ3", "RFJ2", "RFJ1", "LFJ4", "LFJ3", "LFJ2", "LFJ1", "THJ4", "THJ3", "THJ2", "THJ1"]}, "action": {"type": "hand_pose_target", "target_pos": [-0.27821047093028317, 0.0326124528172253, 0.17627827214581288], "hand_delta": [0.004, 0.0, -0.004], "alpha": 0.3333333333333333}, "success": null, "images": {"/World/shadow_hand/robot0_forearm/Camera_wrist": {"name": "Camera_wrist", "path": "/World/shadow_hand/robot0_forearm/Camera_wrist", "jpg_path": "C:\\VScode\\Yoshida_script\\teacher_data\\20260702_022126_de6a085c\\images\\022527_scripu4a_approach_move_8_World_shadow_hand_robot0_forearm_Camera_wrist.jpg", "width": 640, "height": 480, "world_matrix": [[0.012776860345676287, -0.09859294828453948, 0.010778778928960214, 0.0], [-0.003425750485918583, 0.010422662679111053, 0.09939634151466441, 0.0], [-0.09912121739857879, -0.01306898545640647, -0.002045855663483507, 0.0], [-0.17984337879318169, -0.02967758135336336, 0.0904555180821624, 1.0]]}, "/World/Camera_front": {"name": "Camera_front", "path": "/World/Camera_front", "jpg_path": "C:\\VScode\\Yoshida_script\\teacher_data\\20260702_022126_de6a085c\\images\\022527_scripu4a_approach_move_8_World_Camera_front.jpg", "width": 640, "height": 480, "world_matrix": [[0.5531734228741061, -0.8061801172643458, -0.2099351870301667, 0.0], [0.4700696038414246, 0.09401014464592727, 0.8776084891613218, 0.0], [-0.6877744774052841, -0.5841538420923871, 0.4309646818459617, 0.0], [-0.4385506212711334, -0.4639706611633301, 0.4342247247695923, 1.0]]}, "/World/Camera_top": {"name": "Camera_top", "path": "/World/Camera_top", "jpg_path": "C:\\VScode\\Yoshida_script\\teacher_data\\20260702_022126_de6a085c\\images\\022527_scripu4a_approach_move_8_World_Camera_top.jpg", "width": 640, "height": 480, "world_matrix": [[0.29812184758817784, -0.006294424000651742, -0.032920379245519174, 0.0], [0.019915700391513205, 0.2702691969323894, 0.1286776329437028, 0.0], [0.026958041862944558, -0.13005748178624268, 0.2689950233050686, 0.0], [0.12636259198188782, -0.12677189707756042, 0.4252224564552307, 1.0]]}, "/World/Camera_side": {"name": "Camera_side", "path": "/World/Camera_side", "jpg_path": "C:\\VScode\\Yoshida_script\\teacher_data\\20260702_022126_de6a085c\\images\\022527_scripu4a_approach_move_8_World_Camera_side.jpg", "width": 640, "height": 480, "world_matrix": [[-0.28982646013238916, -0.043279893159753904, 0.06424547460923952, 0.0], [0.060115902391122765, 0.03125009568959167, 0.2922490666394845, 0.0], [-0.0488539500899073, 0.2952122787419743, -0.02151764841104145, 0.0], [0.011841279454529285, 0.42371687293052673, 0.03717460483312607, 1.0]]}, "/OmniverseKit_Persp": {"name": "OmniverseKit_Persp", "path": "/OmniverseKit_Persp", "jpg_path": "C:\\VScode\\Yoshida_script\\teacher_data\\20260702_022126_de6a085c\\images\\022527_scripu4a_approach_move_8_OmniverseKit_Persp.jpg", "width": 640, "height": 480, "world_matrix": [[-0.7375939598172809, 0.6752445115964005, -4.5397828496440695e-08, 0.0], [-0.15638799738209025, -0.17082819054796916, 0.9728106308983914, 0.0], [0.6568850315815417, 0.7175392524963672, 0.2316019784265061, 0.0], [0.9062216049393927, 0.9510205863109776, 0.37909321696607967, 1.0]]}, "/OmniverseKit_Front": {"name": "OmniverseKit_Front", "path": "/OmniverseKit_Front", "jpg_path": "C:\\VScode\\Yoshida_script\\teacher_data\\20260702_022126_de6a085c\\images\\022527_scripu4a_approach_move_8_OmniverseKit_Front.jpg", "width": 640, "height": 480, "world_matrix": [[-4.440892098500626e-16, 1.0000000000000002, 2.220446049250313e-16, 0.0], [2.220446049250313e-16, -4.440892098500626e-16, 1.0000000000000002, 0.0], [1.0000000000000002, 2.220446049250313e-16, -4.440892098500626e-16, 0.0], [5.0, 0.0, 0.0, 1.0]]}, "/OmniverseKit_Top": {"name": "OmniverseKit_Top", "path": "/OmniverseKit_Top", "jpg_path": "C:\\VScode\\Yoshida_script\\teacher_data\\20260702_022126_de6a085c\\images\\022527_scripu4a_approach_move_8_OmniverseKit_Top.jpg", "width": 640, "height": 480, "world_matrix": [[-3.42285420007471e-08, -0.9999999999999993, 1.2246467620799123e-16, 0.0], [0.9999999999999993, -3.42285420007471e-08, 2.220446155002968e-16, 0.0], [-2.220446113085094e-16, 1.224646838082546e-16, 1.0, 0.0], [0.0, 0.0, 5.0, 1.0]]}, "/OmniverseKit_Right": {"name": "OmniverseKit_Right", "path": "/OmniverseKit_Right", "jpg_path": "C:\\VScode\\Yoshida_script\\teacher_data\\20260702_022126_de6a085c\\images\\022527_scripu4a_approach_move_8_OmniverseKit_Right.jpg", "width": 640, "height": 480, "world_matrix": [[1.0, -2.2204460872516273e-16, -3.8001315921616716e-24, 0.0], [-3.8001315921616716e-24, -3.422854177870249e-08, 0.9999999999999993, 0.0], [-2.2204460872516273e-16, -0.9999999999999993, -3.422854177870249e-08, 0.0], [0.0, -5.0, 0.0, 1.0]]}}}
{"run_id": "20260702_022126_de6a085c", "step_id": "022536_scripu4a_approach_move_16", "timestamp": 1782959136.469007, "script_name": "scripu4a", "phase": "approach_move_16", "instruction": "grasp the cube with ShadowHand and lift it", "note": "during approach movement", "state": {"hand_path": "/World/shadow_hand", "cube_path": "/World/Cube", "hand_translate": [-0.2795438042636165, 0.0326124528172253, 0.1776116054791462], "cube_translate": [0.07455269247293472, 0.021364247426390648, 0.04025615379214287], "cube_scale": [0.05000000074505806, 0.10000000149011612, 0.05000000074505806], "cube_usd_size": 1.0, "cube_height": 0.05000000074505806, "table_z": 0.01525612361729145, "cube_world_bottom_z": 0.015256153419613838, "cube_bottom_above_table": 2.9802322387695312e-08, "current_joint_targets": {}, "action_joints": ["FFJ3", "FFJ2", "FFJ1", "MFJ3", "MFJ2", "MFJ1", "RFJ3", "RFJ2", "RFJ1", "LFJ4", "LFJ3", "LFJ2", "LFJ1", "THJ4", "THJ3", "THJ2", "THJ1"]}, "action": {"type": "hand_pose_target", "target_pos": [-0.27821047093028317, 0.0326124528172253, 0.17627827214581288], "hand_delta": [0.004, 0.0, -0.004], "alpha": 0.6666666666666666}, "success": null, "images": {"/World/shadow_hand/robot0_forearm/Camera_wrist": {"name": "Camera_wrist", "path": "/World/shadow_hand/robot0_forearm/Camera_wrist", "jpg_path": "C:\\VScode\\Yoshida_script\\teacher_data\\20260702_022126_de6a085c\\images\\022536_scripu4a_approach_move_16_World_shadow_hand_robot0_forearm_Camera_wrist.jpg", "width": 640, "height": 480, "world_matrix": [[0.012776860345676287, -0.09859294828453948, 0.010778778928960214, 0.0], [-0.003425750485918583, 0.010422662679111053, 0.09939634151466441, 0.0], [-0.09912121739857879, -0.01306898545640647, -0.002045855663483507, 0.0], [-0.17851014204059412, -0.02967758133338176, 0.08912216262285358, 1.0]]}, "/World/Camera_front": {"name": "Camera_front", "path": "/World/Camera_front", "jpg_path": "C:\\VScode\\Yoshida_script\\teacher_data\\20260702_022126_de6a085c\\images\\022536_scripu4a_approach_move_16_World_Camera_front.jpg", "width": 640, "height": 480, "world_matrix": [[0.5531734228741061, -0.8061801172643458, -0.2099351870301667, 0.0], [0.4700696038414246, 0.09401014464592727, 0.8776084891613218, 0.0], [-0.6877744774052841, -0.5841538420923871, 0.4309646818459617, 0.0], [-0.4385506212711334, -0.4639706611633301, 0.4342247247695923, 1.0]]}, "/World/Camera_top": {"name": "Camera_top", "path": "/World/Camera_top", "jpg_path": "C:\\VScode\\Yoshida_script\\teacher_data\\20260702_022126_de6a085c\\images\\022536_scripu4a_approach_move_16_World_Camera_top.jpg", "width": 640, "height": 480, "world_matrix": [[0.29812184758817784, -0.006294424000651742, -0.032920379245519174, 0.0], [0.019915700391513205, 0.2702691969323894, 0.1286776329437028, 0.0], [0.026958041862944558, -0.13005748178624268, 0.2689950233050686, 0.0], [0.12636259198188782, -0.12677189707756042, 0.4252224564552307, 1.0]]}, "/World/Camera_side": {"name": "Camera_side", "path": "/World/Camera_side", "jpg_path": "C:\\VScode\\Yoshida_script\\teacher_data\\20260702_022126_de6a085c\\images\\022536_scripu4a_approach_move_16_World_Camera_side.jpg", "width": 640, "height": 480, "world_matrix": [[-0.28982646013238916, -0.043279893159753904, 0.06424547460923952, 0.0], [0.060115902391122765, 0.03125009568959167, 0.2922490666394845, 0.0], [-0.0488539500899073, 0.2952122787419743, -0.02151764841104145, 0.0], [0.011841279454529285, 0.42371687293052673, 0.03717460483312607, 1.0]]}, "/OmniverseKit_Persp": {"name": "OmniverseKit_Persp", "path": "/OmniverseKit_Persp", "jpg_path": "C:\\VScode\\Yoshida_script\\teacher_data\\20260702_022126_de6a085c\\images\\022536_scripu4a_approach_move_16_OmniverseKit_Persp.jpg", "width": 640, "height": 480, "world_matrix": [[-0.7375939598172809, 0.6752445115964005, -4.5397828496440695e-08, 0.0], [-0.15638799738209025, -0.17082819054796916, 0.9728106308983914, 0.0], [0.6568850315815417, 0.7175392524963672, 0.2316019784265061, 0.0], [0.9062216049393927, 0.9510205863109776, 0.37909321696607967, 1.0]]}, "/OmniverseKit_Front": {"name": "OmniverseKit_Front", "path": "/OmniverseKit_Front", "jpg_path": "C:\\VScode\\Yoshida_script\\teacher_data\\20260702_022126_de6a085c\\images\\022536_scripu4a_approach_move_16_OmniverseKit_Front.jpg", "width": 640, "height": 480, "world_matrix": [[-4.440892098500626e-16, 1.0000000000000002, 2.220446049250313e-16, 0.0], [2.220446049250313e-16, -4.440892098500626e-16, 1.0000000000000002, 0.0], [1.0000000000000002, 2.220446049250313e-16, -4.440892098500626e-16, 0.0], [5.0, 0.0, 0.0, 1.0]]}, "/OmniverseKit_Top": {"name": "OmniverseKit_Top", "path": "/OmniverseKit_Top", "jpg_path": "C:\\VScode\\Yoshida_script\\teacher_data\\20260702_022126_de6a085c\\images\\022536_scripu4a_approach_move_16_OmniverseKit_Top.jpg", "width": 640, "height": 480, "world_matrix": [[-3.42285420007471e-08, -0.9999999999999993, 1.2246467620799123e-16, 0.0], [0.9999999999999993, -3.42285420007471e-08, 2.220446155002968e-16, 0.0], [-2.220446113085094e-16, 1.224646838082546e-16, 1.0, 0.0], [0.0, 0.0, 5.0, 1.0]]}, "/OmniverseKit_Right": {"name": "OmniverseKit_Right", "path": "/OmniverseKit_Right", "jpg_path": "C:\\VScode\\Yoshida_script\\teacher_data\\20260702_022126_de6a085c\\images\\022536_scripu4a_approach_move_16_OmniverseKit_Right.jpg", "width": 640, "height": 480, "world_matrix": [[1.0, -2.2204460872516273e-16, -3.8001315921616716e-24, 0.0], [-3.8001315921616716e-24, -3.422854177870249e-08, 0.9999999999999993, 0.0], [-2.2204460872516273e-16, -0.9999999999999993, -3.422854177870249e-08, 0.0], [0.0, -5.0, 0.0, 1.0]]}}}
